1577
1573
1483
1038
939
1113
826
795
730
583
713
753
574
612
569
491
578
523
2608
2767
2880
1488
1434
1551
988
1000
900
697
604
712
607
641
582
529
574
542
5722
5569
6270
2546
2243
2349
1292
1340
1139
886
738
849
622
594
664
689
651
657
8332
8216
8292
3441
3255
3572
1499
1628
1589
888
916
1028
776
704
603
630
642
612
11116
11045
10814
4334
4568
4615
1765
1874
1819
1108
1017
1177
754
738
744
570
604
579
13208
13406
13156
5462
5356
5701
2263
2286
2277
1123
1225
1234
957
908
889
601
722
603
16025
16065
16270
6521
6524
6311
2768
2524
2680
1274
1456
1261
793
905
812
642
747
614
19070
18410
17630
7380
7192
7460
3011
2965
3039
1471
1428
1579
1003
785
1022
699
659
853
21574
21312
21556
8642
8319
8424
3292
3426
3463
1521
1630
1471
1020
1000
913
719
712
798
24295
24397
23735
9086
9313
9770
3733
3423
3550
1591
1658
1519
1042
1048
926
655
692
766
26294
26647
27486
10113
10501
10849
4031
4061
3856
1876
1664
1798
1005
1101
1015
642
876
773
