1544
1545
1372
909
846
899
763
757
660
583
722
763
574
616
569
496
578
549
2483
2495
2403
1263
1175
1220
810
775
736
658
611
718
616
641
589
529
572
561
5307
5316
5727
2104
1978
1983
948
839
867
762
617
714
612
628
609
686
656
664
7333
7833
7620
2710
2651
2774
1029
1177
1125
691
709
767
782
654
538
638
642
610
10096
9998
9686
3496
3771
3837
1239
1175
1280
708
708
833
686
654
652
583
599
575
12132
12126
11977
4424
4086
4422
1613
1537
1418
722
848
818
804
778
719
571
656
587
14745
14491
15105
5170
5418
5176
1875
1776
1783
805
866
806
618
708
587
609
692
589
17588
16960
15945
5892
6071
6209
1977
2017
2137
858
896
1071
760
608
831
664
616
792
20154
19883
19569
7193
6648
6729
2166
2304
2217
980
956
829
741
735
655
648
715
733
22089
22712
22333
7440
7444
7637
2630
2459
2441
930
956
888
675
725
603
547
607
655
24129
24293
24772
8487
8431
8647
2812
2677
2646
1019
927
1040
635
738
648
547
772
651
