1454
1548
1404
900
849
909
620
538
510
410
377
444
310
275
310
333
341
331
2685
2841
2459
1396
1652
1284
955
750
787
568
520
559
396
349
444
312
385
347
5424
5801
5984
2563
2415
2192
1442
1197
1229
840
651
695
444
479
528
426
352
401
8256
8752
8020
3847
4120
3678
1605
1807
1590
762
861
763
550
398
505
529
434
428
11530
11142
11301
4847
4885
4734
2065
2376
2205
916
1156
1159
653
576
578
479
528
455
14415
13564
13387
5590
6010
6626
2941
2374
3071
1148
1330
1171
787
713
767
479
441
524
16887
16209
15930
7678
7706
6930
3173
2736
2990
1339
1475
1230
847
953
841
489
523
480
19223
17938
17895
8825
8283
7964
3189
3603
3548
1589
1298
1620
918
772
849
600
611
636
22244
21431
21706
8599
9565
9326
3567
4261
3813
2240
1871
1677
1054
804
1047
606
678
721
25104
24315
24478
9713
10063
10554
4244
4843
5315
2068
1931
1735
1062
1054
1111
489
540
621
25724
26286
27398
11058
11435
12128
4970
4726
4700
2715
2404
2575
1217
1075
1075
636
764
724
