1454
1450
1402
919
824
908
723
744
710
583
713
702
574
616
569
496
626
549
2687
2555
2455
1231
1153
1276
841
768
781
658
588
716
616
641
589
529
572
542
5237
5187
5589
2035
2061
2013
992
848
861
758
617
717
606
570
637
686
626
664
7397
7589
7672
2622
2717
2854
1017
1229
1157
670
715
775
699
654
539
638
642
604
10302
10088
9825
3588
3763
3899
1264
1219
1338
707
713
834
686
654
652
575
599
573
12368
11972
11893
4348
4268
4635
1610
1620
1595
717
848
826
813
792
720
569
704
586
14845
14683
15315
5190
5479
5200
1899
1835
1819
817
879
810
618
708
597
608
692
598
17327
17042
16272
5865
5980
6129
2007
2092
2124
902
902
1036
760
584
826
672
616
792
20429
20039
19826
7172
6773
6769
2251
2332
2211
960
966
843
739
735
655
650
711
733
22744
23350
22437
7643
7420
7815
2700
2465
2496
896
972
891
710
725
592
547
605
655
24666
24458
24757
8343
8618
9161
2853
2836
2699
1003
957
1054
644
735
649
547
764
651
