1536
1409
1388
899
817
898
688
651
670
541
651
599
578
519
500
429
548
542
2562
2509
2517
1230
1148
1241
750
722
706
709
615
638
572
614
607
510
555
555
5064
5276
5671
2041
1869
1840
922
902
940
711
689
789
573
549
584
606
537
633
7405
7903
7420
2624
2782
2832
974
1240
1136
705
759
689
691
597
561
634
612
584
10395
9977
9818
3453
3786
3872
1216
1289
1324
745
768
753
701
660
656
619
622
595
12217
12109
11949
4363
4245
4438
1604
1556
1452
749
807
773
679
780
754
636
603
596
15143
14514
15018
5157
5334
5003
1890
1872
1825
858
905
776
708
701
690
608
601
601
17635
16607
16225
5971
6027
6261
1965
2033
2099
916
916
996
729
655
728
644
654
640
20419
19620
19941
7100
6809
6847
2261
2309
2339
969
970
905
743
703
682
676
668
664
22490
22335
22025
7355
7548
7893
2634
2404
2519
956
1051
969
635
702
692
592
594
683
24247
24132
24967
8289
8661
8756
2868
2816
2718
1130
1026
1087
720
739
694
579
698
757
