1536
1409
1388
899
811
898
688
639
670
552
605
625
578
519
500
417
548
542
2562
2509
2517
1209
1148
1241
764
722
706
709
637
638
564
614
608
510
548
565
5141
5276
5671
2041
1869
1840
922
912
940
714
689
789
579
549
584
606
537
630
7405
7903
7420
2624
2782
2832
958
1240
1136
696
759
689
691
605
561
634
612
584
10395
9977
9818
3453
3786
3872
1216
1289
1324
748
768
753
686
660
650
619
625
595
12217
12109
11949
4363
4300
4438
1604
1556
1452
749
807
773
684
761
754
566
604
596
15143
14514
15018
5157
5334
5003
1890
1872
1825
858
906
785
712
692
695
609
601
601
17635
16607
16225
5971
6027
6261
1965
2033
2122
916
916
996
787
658
737
649
672
640
20419
19620
19941
7156
6827
6847
2261
2294
2339
969
966
905
743
697
679
668
668
664
22490
22335
22025
7355
7548
7819
2634
2404
2519
961
1054
969
621
764
696
593
594
683
24247
24132
24967
8289
8661
8756
2879
2816
2718
1137
1026
1094
716
745
694
579
699
757
