1595
1438
1328
928
763
968
780
639
646
541
598
616
547
519
448
229
546
494
2665
2539
2486
1081
1188
1186
761
796
616
709
452
622
361
647
604
490
351
545
5328
5043
5702
2112
1967
1903
909
866
828
729
575
779
565
558
512
611
532
382
7412
7655
7380
2652
2804
2783
1040
1184
1202
697
635
729
597
513
561
630
609
539
10320
10321
9805
3568
3840
3831
1163
1338
1366
781
697
759
676
608
615
621
633
585
12556
12294
12084
4476
4362
4423
1639
1586
1499
771
830
729
692
755
733
620
382
585
14885
14986
15243
5460
5343
5244
1925
1891
1869
885
913
784
622
685
700
562
560
603
17493
16782
16443
5970
6031
6232
1959
2032
2124
896
917
1021
770
480
638
585
664
582
20264
20152
19664
7400
6896
6932
2175
2226
2374
938
971
908
716
704
678
667
613
655
22642
23082
22109
7366
7493
7806
2604
2480
2608
910
1009
965
625
661
695
418
573
635
24379
24524
25242
8378
8744
8941
2868
2804
2858
1104
987
1040
702
776
686
558
673
738
