37 32
0 0 0 0 0 0 0 0 0 0 0 0 0 0 0 0 0 0 0 0 0 0 0 0 0 0 0 0 0 0 0 0 
86 10 46 82 79 36 62 43 66 41 46 69 89 61 25 70 23 33 60 12 51 97 73 19 90 33 36 58 99 57 10 54 
83 10 13 79 58 25 52 86 19 10 78 20 21 15 92 41 79 24 40 68 35 99 36 34 45 17 59 71 36 60 19 88 
48 13 41 90 34 73 60 52 96 25 39 34 86 94 81 20 58 93 20 55 99 68 43 90 20 58 95 66 66 42 61 48 
76 96 64 10 36 57 34 23 98 60 53 66 18 88 56 19 11 80 92 14 63 34 41 39 63 80 53 55 44 54 91 30 
57 64 59 16 61 50 84 63 58 29 40 71 14 17 28 38 81 68 55 31 40 90 47 22 41 90 46 68 57 78 66 39 
95 85 66 55 52 81 28 33 58 80 26 69 73 86 52 91 20 87 58 36 51 54 80 24 46 26 73 49 41 89 51 89 
84 99 32 44 70 24 30 80 82 90 26 29 47 36 76 98 71 89 95 33 20 70 21 27 65 50 34 31 90 48 74 58 
18 43 42 50 58 22 78 89 46 59 14 21 68 16 44 50 14 86 47 65 92 67 91 85 42 55 65 59 85 24 69 63 
83 11 16 63 50 45 89 61 88 78 62 74 51 87 34 21 48 69 34 87 91 76 81 25 17 62 91 38 18 27 10 63 
57 17 17 11 40 39 45 98 67 17 15 24 29 39 91 68 33 43 24 57 41 41 17 36 64 34 82 67 68 90 70 19 
85 12 15 37 91 92 11 59 12 18 43 68 69 87 43 35 18 65 59 89 96 87 69 64 55 39 63 59 57 68 64 29 
61 31 21 60 87 57 15 58 31 70 22 44 69 48 11 74 90 28 51 68 57 38 18 92 58 77 53 95 21 73 84 41 
62 87 18 86 88 81 21 29 13 65 82 12 47 57 24 70 90 15 51 25 81 83 40 14 63 39 86 80 14 72 22 94 
26 47 99 37 45 18 75 24 92 73 14 98 54 27 72 52 58 14 81 83 99 14 23 69 76 45 24 87 50 44 36 15 
78 63 53 72 96 75 96 76 39 26 54 89 23 68 29 91 90 91 61 33 18 48 14 95 98 96 67 83 44 59 19 99 
12 66 14 57 37 82 37 65 12 30 58 52 73 23 81 69 62 87 32 21 31 46 76 67 82 14 31 28 92 45 57 41 
12 61 87 90 41 92 49 29 75 23 10 84 18 64 55 11 11 57 49 29 22 80 19 50 47 88 69 93 35 28 29 24 
97 37 52 57 23 91 32 69 29 20 42 18 20 95 14 10 31 97 69 39 45 54 55 63 95 32 95 24 60 61 90 93 
77 87 19 51 70 13 80 28 52 39 30 28 69 64 73 82 76 76 74 19 79 17 97 20 72 14 50 14 26 58 52 63 
38 13 11 65 81 79 36 53 74 50 76 13 31 98 76 59 63 45 13 23 74 79 47 68 27 73 62 40 12 56 74 87 
17 63 18 79 31 82 63 57 44 76 71 87 45 93 35 61 72 59 19 86 50 29 52 11 52 98 26 20 75 70 92 11 
12 75 10 17 54 16 96 90 41 80 36 25 24 74 61 31 72 36 37 18 89 92 68 23 61 73 42 58 74 73 36 90 
68 42 40 48 69 49 71 38 74 55 68 99 92 53 78 73 54 45 28 27 77 27 47 56 32 69 25 46 95 48 87 68 
42 27 33 75 57 91 61 53 43 35 17 28 70 15 85 54 39 91 71 97 56 37 40 45 46 42 35 33 43 85 75 27 
41 61 66 99 46 11 46 44 78 87 39 68 15 74 48 35 47 78 29 53 66 74 56 21 17 18 47 51 56 42 49 93 
70 67 10 12 89 85 44 83 83 34 71 59 11 90 58 11 13 90 23 56 50 55 82 16 95 62 27 32 59 82 92 12 
89 98 24 71 58 87 46 92 10 44 31 92 15 58 36 47 57 25 99 47 76 85 14 73 75 18 89 45 35 72 31 44 
77 86 41 66 26 61 32 40 20 42 84 63 11 37 96 13 12 86 60 19 16 87 64 31 27 39 17 50 62 95 39 57 
86 55 76 31 90 20 29 77 41 26 16 25 94 61 25 34 64 30 13 73 66 88 71 96 37 75 99 79 91 97 77 72 
87 89 52 55 24 51 27 58 22 89 36 90 42 90 40 92 80 68 10 62 31 88 58 28 68 96 87 22 88 70 38 27 
98 79 82 79 16 31 59 39 23 17 25 86 34 63 60 19 64 17 66 28 91 92 11 68 36 54 16 47 45 45 54 12 
70 21 29 48 32 25 13 95 67 31 23 30 84 53 61 87 14 39 44 93 88 52 70 26 32 33 23 82 98 57 44 68 
82 73 74 66 69 13 75 31 59 86 44 83 72 59 30 64 97 48 84 57 56 28 35 25 51 63 80 62 83 84 49 57 
27 41 81 32 24 75 12 67 44 78 48 58 39 44 44 96 87 18 70 59 55 11 98 63 91 55 36 10 10 85 59 67 
58 16 93 60 77 76 12 90 78 33 38 27 98 67 36 29 27 88 63 50 95 76 66 79 40 84 33 30 82 76 41 85 
31 86 23 49 18 58 69 62 86 64 42 57 85 67 24 47 23 66 59 34 39 29 47 46 28 43 50 63 22 71 41 29 
-1 0 0 0 0 0 0 0 0 -1 -1 -1 -1 -1 -1 -1 -1 -1 -1 -1 -1 -1 -1 -1 -1 -1 -1 -1 -1 -1 -1 -1 -1 -1 -1 -1 -1 
-1 -1 -1 -1 -1 -1 -1 -1 -1 10 22 27 16 78 97 50 -1 -1 -1 -1 -1 -1 -1 -1 -1 -1 -1 -1 -1 -1 -1 -1 -1 -1 -1 -1 -1 
-1 -1 -1 -1 -1 -1 -1 -1 -1 82 -1 -1 -1 -1 -1 -1 -1 -1 -1 -1 -1 -1 -1 -1 -1 -1 -1 -1 -1 -1 -1 -1 -1 -1 -1 -1 -1 
-1 -1 -1 -1 -1 -1 -1 -1 -1 -1 36 -1 -1 -1 -1 -1 -1 -1 -1 -1 -1 -1 -1 -1 -1 -1 -1 -1 -1 -1 -1 -1 -1 -1 -1 -1 -1 
-1 -1 -1 -1 -1 -1 -1 -1 -1 -1 -1 23 -1 -1 -1 -1 -1 -1 -1 -1 -1 -1 -1 -1 -1 -1 -1 -1 -1 -1 -1 -1 -1 -1 -1 -1 -1 
-1 -1 -1 -1 -1 -1 -1 -1 -1 -1 -1 -1 77 -1 -1 -1 -1 -1 -1 -1 -1 -1 -1 -1 -1 -1 -1 -1 -1 -1 -1 -1 -1 -1 -1 -1 -1 
-1 -1 -1 -1 -1 -1 -1 -1 -1 -1 -1 -1 -1 15 -1 -1 -1 -1 -1 -1 -1 -1 -1 -1 -1 -1 -1 -1 -1 -1 -1 -1 -1 -1 -1 -1 -1 
-1 -1 -1 -1 -1 -1 -1 -1 -1 -1 -1 -1 -1 -1 50 -1 -1 -1 -1 -1 -1 -1 -1 -1 -1 -1 -1 -1 -1 -1 -1 -1 -1 -1 -1 -1 -1 
-1 -1 -1 -1 -1 -1 -1 -1 -1 -1 -1 -1 -1 -1 -1 37 -1 -1 -1 -1 -1 -1 -1 -1 -1 -1 -1 -1 -1 -1 -1 -1 -1 -1 -1 -1 -1 
-1 -1 -1 -1 -1 -1 -1 -1 -1 -1 -1 -1 -1 -1 -1 -1 33 20 100 45 65 41 -1 -1 -1 -1 -1 -1 -1 -1 -1 -1 -1 -1 -1 -1 -1 
-1 -1 -1 -1 -1 -1 -1 -1 -1 -1 -1 -1 -1 -1 -1 -1 26 -1 -1 -1 -1 -1 -1 -1 -1 -1 -1 -1 -1 -1 -1 -1 -1 -1 -1 -1 -1 
-1 -1 -1 -1 -1 -1 -1 -1 -1 -1 -1 -1 -1 -1 -1 -1 -1 51 -1 -1 -1 -1 -1 -1 -1 -1 -1 -1 -1 -1 -1 -1 -1 -1 -1 -1 -1 
-1 -1 -1 -1 -1 -1 -1 -1 -1 -1 -1 -1 -1 -1 -1 -1 -1 -1 58 -1 -1 -1 -1 -1 -1 -1 -1 -1 -1 -1 -1 -1 -1 -1 -1 -1 -1 
-1 -1 -1 -1 -1 -1 -1 -1 -1 -1 -1 -1 -1 -1 -1 -1 -1 -1 -1 61 -1 -1 -1 -1 -1 -1 -1 -1 -1 -1 -1 -1 -1 -1 -1 -1 -1 
-1 -1 -1 -1 -1 -1 -1 -1 -1 -1 -1 -1 -1 -1 -1 -1 -1 -1 -1 -1 14 -1 -1 -1 -1 -1 -1 -1 -1 -1 -1 -1 -1 -1 -1 -1 -1 
-1 -1 -1 -1 -1 -1 -1 -1 -1 -1 -1 -1 -1 -1 -1 -1 -1 -1 -1 -1 -1 75 -1 -1 -1 -1 -1 -1 -1 -1 -1 -1 -1 -1 -1 -1 -1 
-1 -1 -1 -1 -1 -1 -1 -1 -1 -1 -1 -1 -1 -1 -1 -1 -1 -1 -1 -1 -1 -1 15 98 20 99 76 -1 -1 -1 -1 -1 -1 -1 -1 -1 -1 
-1 -1 -1 -1 -1 -1 -1 -1 -1 -1 -1 -1 -1 -1 -1 -1 -1 -1 -1 -1 -1 -1 62 -1 -1 -1 -1 -1 -1 -1 -1 -1 -1 -1 -1 -1 -1 
-1 -1 -1 -1 -1 -1 -1 -1 -1 -1 -1 -1 -1 -1 -1 -1 -1 -1 -1 -1 -1 -1 -1 89 -1 -1 -1 -1 -1 -1 -1 -1 -1 -1 -1 -1 -1 
-1 -1 -1 -1 -1 -1 -1 -1 -1 -1 -1 -1 -1 -1 -1 -1 -1 -1 -1 -1 -1 -1 -1 -1 54 -1 -1 -1 -1 -1 -1 -1 -1 -1 -1 -1 -1 
-1 -1 -1 -1 -1 -1 -1 -1 -1 -1 -1 -1 -1 -1 -1 -1 -1 -1 -1 -1 -1 -1 -1 -1 -1 71 -1 -1 -1 -1 -1 -1 -1 -1 -1 -1 -1 
-1 -1 -1 -1 -1 -1 -1 -1 -1 -1 -1 -1 -1 -1 -1 -1 -1 -1 -1 -1 -1 -1 -1 -1 -1 -1 48 -1 -1 -1 -1 -1 -1 -1 -1 -1 -1 
-1 -1 -1 -1 -1 -1 -1 -1 -1 -1 -1 -1 -1 -1 -1 -1 -1 -1 -1 -1 -1 -1 -1 -1 -1 -1 -1 78 83 65 100 -1 -1 -1 -1 -1 -1 
-1 -1 -1 -1 -1 -1 -1 -1 -1 -1 -1 -1 -1 -1 -1 -1 -1 -1 -1 -1 -1 -1 -1 -1 -1 -1 -1 55 -1 -1 -1 -1 -1 -1 -1 -1 -1 
-1 -1 -1 -1 -1 -1 -1 -1 -1 -1 -1 -1 -1 -1 -1 -1 -1 -1 -1 -1 -1 -1 -1 -1 -1 -1 -1 -1 18 -1 -1 -1 -1 -1 -1 -1 -1 
-1 -1 -1 -1 -1 -1 -1 -1 -1 -1 -1 -1 -1 -1 -1 -1 -1 -1 -1 -1 -1 -1 -1 -1 -1 -1 -1 -1 -1 54 -1 -1 -1 -1 -1 -1 -1 
-1 -1 -1 -1 -1 -1 -1 -1 -1 -1 -1 -1 -1 -1 -1 -1 -1 -1 -1 -1 -1 -1 -1 -1 -1 -1 -1 -1 -1 -1 36 -1 -1 -1 -1 -1 -1 
-1 -1 -1 -1 -1 -1 -1 -1 -1 -1 -1 -1 -1 -1 -1 -1 -1 -1 -1 -1 -1 -1 -1 -1 -1 -1 -1 -1 -1 -1 -1 23 25 48 -1 -1 -1 
-1 -1 -1 -1 -1 -1 -1 -1 -1 -1 -1 -1 -1 -1 -1 -1 -1 -1 -1 -1 -1 -1 -1 -1 -1 -1 -1 -1 -1 -1 -1 21 -1 -1 -1 -1 -1 
-1 -1 -1 -1 -1 -1 -1 -1 -1 -1 -1 -1 -1 -1 -1 -1 -1 -1 -1 -1 -1 -1 -1 -1 -1 -1 -1 -1 -1 -1 -1 -1 41 -1 -1 -1 -1 
-1 -1 -1 -1 -1 -1 -1 -1 -1 -1 -1 -1 -1 -1 -1 -1 -1 -1 -1 -1 -1 -1 -1 -1 -1 -1 -1 -1 -1 -1 -1 -1 -1 28 -1 -1 -1 
-1 -1 -1 -1 -1 -1 -1 -1 -1 -1 -1 -1 -1 -1 -1 -1 -1 -1 -1 -1 -1 -1 -1 -1 -1 -1 -1 -1 -1 -1 -1 -1 -1 -1 64 59 -1 
-1 -1 -1 -1 -1 -1 -1 -1 -1 -1 -1 -1 -1 -1 -1 -1 -1 -1 -1 -1 -1 -1 -1 -1 -1 -1 -1 -1 -1 -1 -1 -1 -1 -1 75 -1 -1 
-1 -1 -1 -1 -1 -1 -1 -1 -1 -1 -1 -1 -1 -1 -1 -1 -1 -1 -1 -1 -1 -1 -1 -1 -1 -1 -1 -1 -1 -1 -1 -1 -1 -1 -1 78 -1 
-1 -1 -1 -1 -1 -1 -1 -1 -1 -1 -1 -1 -1 -1 -1 -1 -1 -1 -1 -1 -1 -1 -1 -1 -1 -1 -1 -1 -1 -1 -1 -1 -1 -1 -1 -1 25 
-1 -1 -1 -1 -1 -1 -1 -1 -1 -1 -1 -1 -1 -1 -1 -1 -1 -1 -1 -1 -1 -1 -1 -1 -1 -1 -1 -1 -1 -1 -1 -1 -1 -1 -1 -1 13 
-1 -1 -1 -1 -1 -1 -1 -1 -1 -1 -1 -1 -1 -1 -1 -1 -1 -1 -1 -1 -1 -1 -1 -1 -1 -1 -1 -1 -1 -1 -1 -1 -1 -1 -1 -1 -1 
