37 64
0 0 0 0 0 0 0 0 0 0 0 0 0 0 0 0 0 0 0 0 0 0 0 0 0 0 0 0 0 0 0 0 0 0 0 0 0 0 0 0 0 0 0 0 0 0 0 0 0 0 0 0 0 0 0 0 0 0 0 0 0 0 0 0 
24 85 46 98 91 34 44 84 26 68 21 73 11 87 81 26 72 79 66 11 40 59 98 91 97 80 73 79 41 99 48 22 74 18 93 67 91 65 79 66 34 55 65 86 67 60 45 30 55 98 65 89 76 58 90 35 32 75 98 11 96 98 33 57 
84 33 26 26 16 71 63 96 91 21 90 37 60 20 71 81 61 32 26 98 66 11 59 70 45 84 95 47 63 19 70 71 55 74 57 76 33 52 15 63 48 35 42 35 49 17 51 16 61 39 72 82 53 49 45 93 60 35 57 12 77 87 65 42 
70 94 71 88 47 68 49 75 21 11 88 22 85 96 64 32 91 92 66 77 96 85 10 11 84 65 61 11 84 18 86 79 46 60 72 14 70 85 61 42 57 53 41 90 77 99 12 11 55 12 52 61 71 59 31 53 36 20 16 62 52 41 50 27 
31 31 74 56 79 81 49 37 89 60 82 62 97 70 94 98 38 61 19 78 89 12 91 58 72 10 54 86 58 30 51 91 66 40 78 42 38 38 32 61 16 65 45 28 65 55 30 10 77 97 46 79 78 98 41 93 63 19 49 28 11 51 39 89 
39 67 58 41 17 46 18 26 69 62 18 69 85 89 63 25 53 75 97 80 29 84 75 95 32 14 78 80 86 12 19 42 30 95 63 92 39 41 87 75 70 41 76 26 39 41 29 65 38 60 91 67 16 41 59 21 43 11 21 11 81 52 99 46 
48 88 84 80 28 75 36 22 88 16 68 15 74 52 18 14 57 18 85 33 17 65 73 84 10 57 21 43 37 67 75 46 45 87 68 72 84 86 61 34 21 53 64 85 98 41 16 79 99 36 55 78 16 59 15 38 26 23 38 72 63 97 83 97 
28 68 92 92 75 20 81 22 42 33 96 64 34 33 63 16 41 23 75 47 60 43 98 58 96 75 45 53 81 90 21 53 13 12 62 29 79 35 61 60 41 17 58 67 30 82 57 80 65 23 26 21 77 15 37 52 31 38 90 98 42 34 66 76 
23 21 60 76 26 76 72 94 93 69 76 85 84 32 36 88 79 58 71 16 74 77 81 23 78 67 54 56 10 60 57 19 59 72 99 40 21 32 60 17 86 98 71 79 68 46 67 28 41 30 36 18 58 96 96 13 59 14 96 63 58 90 85 66 
51 97 24 67 43 84 35 48 44 47 60 73 24 98 80 23 13 44 52 22 52 16 71 22 28 46 82 98 80 77 79 20 90 51 46 61 33 17 95 41 38 26 95 32 86 73 91 57 51 60 61 96 63 69 33 45 72 61 27 65 53 52 40 39 
34 19 81 29 59 77 53 81 69 61 80 85 39 25 10 35 55 50 95 14 62 43 30 63 92 15 68 89 55 50 73 60 18 34 14 73 13 27 26 59 99 96 52 69 27 22 40 83 93 95 43 35 92 22 37 77 70 71 77 70 58 50 82 67 
68 56 92 41 97 18 15 27 49 17 89 57 60 68 94 32 43 12 13 18 56 77 80 45 44 54 32 75 51 71 18 98 48 39 47 16 70 58 50 34 89 38 34 77 22 71 39 31 54 74 56 63 64 36 97 97 81 33 11 30 90 19 87 59 
54 52 96 26 93 51 25 12 67 25 97 80 63 84 11 47 52 60 89 67 93 80 11 29 50 47 52 16 81 57 68 73 32 30 40 51 79 51 31 73 94 42 42 66 87 24 10 55 16 93 11 91 12 72 50 38 48 78 36 37 99 20 28 33 
85 76 11 50 67 13 53 92 28 53 87 19 75 69 24 59 33 92 80 47 78 81 61 92 96 38 42 13 78 22 75 55 84 38 14 88 16 54 55 42 60 28 47 31 76 14 23 60 29 10 56 71 58 21 52 91 97 59 67 18 80 72 34 18 
61 86 74 46 98 63 12 70 24 99 19 56 92 25 86 59 73 34 72 31 35 63 44 17 18 16 69 85 15 18 79 50 90 80 62 16 71 70 29 91 96 18 66 47 44 40 67 15 57 20 34 96 97 30 33 76 79 71 48 77 47 51 75 51 
93 30 50 25 73 31 70 67 90 20 79 64 91 42 47 66 99 71 15 81 77 72 38 78 97 44 67 43 89 62 75 18 53 43 77 89 26 31 27 67 35 72 19 91 34 26 52 66 82 53 66 25 72 17 82 24 62 71 75 57 43 81 18 44 
68 45 29 66 31 77 94 96 79 60 99 12 47 95 34 12 89 93 29 38 51 14 34 14 19 36 91 93 44 22 34 61 38 84 23 81 16 46 11 15 81 74 32 30 90 67 41 11 11 71 77 46 22 75 35 58 46 82 48 70 93 82 16 99 
13 12 84 83 39 63 98 34 57 92 31 73 53 40 75 86 68 74 10 44 36 42 60 84 42 17 68 73 44 48 54 23 11 44 79 81 14 57 30 51 50 98 31 27 23 75 82 70 37 84 67 93 12 48 15 22 88 86 75 97 93 70 29 31 
10 81 65 62 58 22 97 17 75 85 75 75 63 65 87 35 15 82 32 54 90 73 32 77 19 72 79 76 33 47 55 19 40 18 75 32 73 21 40 82 98 47 33 27 99 39 88 44 36 29 82 28 69 49 54 90 58 81 13 99 83 23 56 92 
90 47 52 57 66 75 19 56 97 62 30 32 99 23 17 67 19 81 63 84 99 70 91 90 15 74 28 69 89 93 70 47 21 14 33 69 91 45 78 94 55 58 28 43 11 69 19 26 98 88 13 52 24 60 26 34 27 61 46 93 50 81 53 26 
56 66 61 99 46 41 36 30 57 96 62 53 95 34 67 63 20 67 85 52 16 76 49 27 77 24 95 78 66 74 94 48 56 12 24 79 31 65 24 67 67 90 19 62 38 92 40 18 47 59 85 61 77 72 44 84 99 57 56 30 29 44 30 87 
80 40 40 21 73 69 10 72 71 98 23 32 33 90 91 31 60 95 24 84 17 51 70 22 91 86 79 92 94 92 76 68 73 20 34 30 29 66 59 49 80 80 82 65 24 18 34 77 64 55 77 29 42 30 76 70 54 31 94 14 85 79 68 54 
30 39 83 90 65 26 20 32 62 65 24 49 97 50 92 36 87 69 35 95 71 24 46 84 81 78 43 48 21 76 62 22 78 41 14 50 54 53 75 18 64 88 85 51 44 31 32 26 50 63 72 56 56 51 50 23 18 20 40 47 24 12 25 80 
40 81 48 30 76 62 67 19 96 64 49 95 85 42 39 38 63 11 55 95 14 51 59 99 81 19 33 12 73 90 18 92 77 43 63 59 87 86 57 95 30 59 23 76 54 91 70 56 61 32 49 20 58 63 13 13 58 68 60 74 87 98 12 92 
63 74 75 57 65 92 46 39 53 81 57 97 76 93 82 27 23 43 81 43 52 68 91 44 20 54 79 64 23 88 53 69 27 76 10 10 14 19 38 87 81 28 70 55 86 22 81 99 17 35 68 55 56 48 93 32 57 72 77 11 23 69 21 27 
82 83 74 57 32 15 94 29 95 21 45 33 52 41 18 41 76 80 13 29 98 11 88 85 74 70 24 90 82 48 92 13 12 70 24 27 51 91 17 44 79 14 29 89 74 98 50 59 59 36 36 67 95 67 76 54 53 99 79 46 12 54 78 92 
56 26 52 47 99 10 90 87 83 11 90 88 87 27 51 19 13 42 46 19 59 21 68 91 42 89 57 42 75 54 98 13 87 43 74 30 76 99 78 16 78 54 29 75 64 51 78 34 22 51 14 74 19 37 65 62 23 27 18 26 55 53 63 36 
48 89 46 79 72 86 69 74 37 69 14 36 40 89 53 49 45 91 53 63 86 54 38 83 72 95 51 17 33 39 16 77 53 77 36 83 48 52 54 99 66 17 42 62 34 18 93 74 96 79 41 68 10 86 96 78 88 57 70 21 49 66 46 21 
72 61 56 67 35 71 59 23 18 97 61 63 16 48 17 97 43 74 90 99 51 65 40 73 85 57 75 60 79 47 90 97 51 58 56 97 32 47 53 27 35 79 77 82 63 62 39 68 35 14 49 46 91 42 74 69 37 11 76 84 68 25 89 64 
95 91 64 89 69 90 66 42 17 63 57 21 89 89 54 79 29 64 78 55 47 37 96 47 48 19 18 57 75 84 73 14 35 50 23 30 84 26 50 12 72 15 82 58 55 51 77 42 58 47 76 17 74 68 13 15 23 46 43 92 16 68 13 58 
74 45 62 27 29 68 68 69 70 93 17 88 60 40 89 62 98 42 21 65 42 69 60 25 68 76 87 18 22 18 38 25 96 69 83 46 48 89 84 15 11 41 78 23 15 90 20 38 17 28 34 68 41 82 26 48 90 26 70 37 30 45 71 59 
44 28 41 24 49 78 80 56 73 69 12 32 69 25 60 31 41 97 44 11 36 92 64 15 13 33 30 75 21 34 53 70 51 87 21 25 97 30 47 67 29 89 95 90 86 23 28 96 96 13 77 36 72 97 43 87 57 59 29 92 30 75 10 86 
36 86 80 20 76 61 69 71 32 66 65 78 81 69 87 63 57 30 19 47 64 96 48 94 41 13 32 20 58 17 96 47 84 44 34 64 97 95 97 71 93 91 13 73 87 87 17 64 36 63 47 18 47 14 81 35 24 35 13 10 62 30 90 66 
62 13 31 59 26 23 21 73 32 62 10 86 74 80 50 17 80 52 95 40 99 54 98 14 48 52 15 51 63 64 22 77 89 80 58 51 17 59 99 74 10 10 83 61 23 91 15 25 56 69 66 47 88 89 16 52 32 25 99 20 66 25 72 55 
16 44 51 72 23 32 65 64 56 61 68 64 45 60 15 20 37 40 33 55 68 33 43 83 85 87 11 76 83 14 65 20 32 69 84 28 48 37 45 68 71 85 27 35 27 41 78 60 71 90 88 56 22 16 16 41 20 60 23 39 51 24 61 47 
67 76 14 64 72 23 27 14 28 91 38 87 96 24 64 19 60 77 30 72 20 32 39 38 42 41 43 68 74 14 77 31 80 82 58 27 70 23 98 73 13 75 72 69 19 50 52 69 17 92 65 84 16 97 98 24 80 47 23 58 94 77 31 14 
77 61 65 72 69 43 92 44 38 37 76 94 52 68 13 30 98 45 37 51 89 80 66 93 61 98 18 87 60 17 65 97 22 33 93 69 45 64 53 97 27 44 90 33 88 12 52 67 70 55 52 86 55 66 82 20 93 22 93 39 42 71 40 19 
-1 0 0 0 0 0 0 0 0 -1 -1 -1 -1 -1 -1 -1 -1 -1 -1 -1 -1 -1 -1 -1 -1 -1 -1 -1 -1 -1 -1 -1 -1 -1 -1 -1 -1 
-1 -1 -1 -1 -1 -1 -1 -1 -1 49 46 53 80 72 10 96 -1 -1 -1 -1 -1 -1 -1 -1 -1 -1 -1 -1 -1 -1 -1 -1 -1 -1 -1 -1 -1 
-1 -1 -1 -1 -1 -1 -1 -1 -1 95 -1 -1 -1 -1 -1 -1 -1 -1 -1 -1 -1 -1 -1 -1 -1 -1 -1 -1 -1 -1 -1 -1 -1 -1 -1 -1 -1 
-1 -1 -1 -1 -1 -1 -1 -1 -1 -1 86 -1 -1 -1 -1 -1 -1 -1 -1 -1 -1 -1 -1 -1 -1 -1 -1 -1 -1 -1 -1 -1 -1 -1 -1 -1 -1 
-1 -1 -1 -1 -1 -1 -1 -1 -1 -1 -1 76 -1 -1 -1 -1 -1 -1 -1 -1 -1 -1 -1 -1 -1 -1 -1 -1 -1 -1 -1 -1 -1 -1 -1 -1 -1 
-1 -1 -1 -1 -1 -1 -1 -1 -1 -1 -1 -1 35 -1 -1 -1 -1 -1 -1 -1 -1 -1 -1 -1 -1 -1 -1 -1 -1 -1 -1 -1 -1 -1 -1 -1 -1 
-1 -1 -1 -1 -1 -1 -1 -1 -1 -1 -1 -1 -1 10 -1 -1 -1 -1 -1 -1 -1 -1 -1 -1 -1 -1 -1 -1 -1 -1 -1 -1 -1 -1 -1 -1 -1 
-1 -1 -1 -1 -1 -1 -1 -1 -1 -1 -1 -1 -1 -1 22 -1 -1 -1 -1 -1 -1 -1 -1 -1 -1 -1 -1 -1 -1 -1 -1 -1 -1 -1 -1 -1 -1 
-1 -1 -1 -1 -1 -1 -1 -1 -1 -1 -1 -1 -1 -1 -1 21 -1 -1 -1 -1 -1 -1 -1 -1 -1 -1 -1 -1 -1 -1 -1 -1 -1 -1 -1 -1 -1 
-1 -1 -1 -1 -1 -1 -1 -1 -1 -1 -1 -1 -1 -1 -1 -1 70 10 31 77 75 57 -1 -1 -1 -1 -1 -1 -1 -1 -1 -1 -1 -1 -1 -1 -1 
-1 -1 -1 -1 -1 -1 -1 -1 -1 -1 -1 -1 -1 -1 -1 -1 53 -1 -1 -1 -1 -1 -1 -1 -1 -1 -1 -1 -1 -1 -1 -1 -1 -1 -1 -1 -1 
-1 -1 -1 -1 -1 -1 -1 -1 -1 -1 -1 -1 -1 -1 -1 -1 -1 34 -1 -1 -1 -1 -1 -1 -1 -1 -1 -1 -1 -1 -1 -1 -1 -1 -1 -1 -1 
-1 -1 -1 -1 -1 -1 -1 -1 -1 -1 -1 -1 -1 -1 -1 -1 -1 -1 45 -1 -1 -1 -1 -1 -1 -1 -1 -1 -1 -1 -1 -1 -1 -1 -1 -1 -1 
-1 -1 -1 -1 -1 -1 -1 -1 -1 -1 -1 -1 -1 -1 -1 -1 -1 -1 -1 93 -1 -1 -1 -1 -1 -1 -1 -1 -1 -1 -1 -1 -1 -1 -1 -1 -1 
-1 -1 -1 -1 -1 -1 -1 -1 -1 -1 -1 -1 -1 -1 -1 -1 -1 -1 -1 -1 69 -1 -1 -1 -1 -1 -1 -1 -1 -1 -1 -1 -1 -1 -1 -1 -1 
-1 -1 -1 -1 -1 -1 -1 -1 -1 -1 -1 -1 -1 -1 -1 -1 -1 -1 -1 -1 -1 38 -1 -1 -1 -1 -1 -1 -1 -1 -1 -1 -1 -1 -1 -1 -1 
-1 -1 -1 -1 -1 -1 -1 -1 -1 -1 -1 -1 -1 -1 -1 -1 -1 -1 -1 -1 -1 -1 18 24 40 53 90 -1 -1 -1 -1 -1 -1 -1 -1 -1 -1 
-1 -1 -1 -1 -1 -1 -1 -1 -1 -1 -1 -1 -1 -1 -1 -1 -1 -1 -1 -1 -1 -1 29 -1 -1 -1 -1 -1 -1 -1 -1 -1 -1 -1 -1 -1 -1 
-1 -1 -1 -1 -1 -1 -1 -1 -1 -1 -1 -1 -1 -1 -1 -1 -1 -1 -1 -1 -1 -1 -1 37 -1 -1 -1 -1 -1 -1 -1 -1 -1 -1 -1 -1 -1 
-1 -1 -1 -1 -1 -1 -1 -1 -1 -1 -1 -1 -1 -1 -1 -1 -1 -1 -1 -1 -1 -1 -1 -1 29 -1 -1 -1 -1 -1 -1 -1 -1 -1 -1 -1 -1 
-1 -1 -1 -1 -1 -1 -1 -1 -1 -1 -1 -1 -1 -1 -1 -1 -1 -1 -1 -1 -1 -1 -1 -1 -1 13 -1 -1 -1 -1 -1 -1 -1 -1 -1 -1 -1 
-1 -1 -1 -1 -1 -1 -1 -1 -1 -1 -1 -1 -1 -1 -1 -1 -1 -1 -1 -1 -1 -1 -1 -1 -1 -1 99 -1 -1 -1 -1 -1 -1 -1 -1 -1 -1 
-1 -1 -1 -1 -1 -1 -1 -1 -1 -1 -1 -1 -1 -1 -1 -1 -1 -1 -1 -1 -1 -1 -1 -1 -1 -1 -1 83 34 30 56 -1 -1 -1 -1 -1 -1 
-1 -1 -1 -1 -1 -1 -1 -1 -1 -1 -1 -1 -1 -1 -1 -1 -1 -1 -1 -1 -1 -1 -1 -1 -1 -1 -1 43 -1 -1 -1 -1 -1 -1 -1 -1 -1 
-1 -1 -1 -1 -1 -1 -1 -1 -1 -1 -1 -1 -1 -1 -1 -1 -1 -1 -1 -1 -1 -1 -1 -1 -1 -1 -1 -1 15 -1 -1 -1 -1 -1 -1 -1 -1 
-1 -1 -1 -1 -1 -1 -1 -1 -1 -1 -1 -1 -1 -1 -1 -1 -1 -1 -1 -1 -1 -1 -1 -1 -1 -1 -1 -1 -1 19 -1 -1 -1 -1 -1 -1 -1 
-1 -1 -1 -1 -1 -1 -1 -1 -1 -1 -1 -1 -1 -1 -1 -1 -1 -1 -1 -1 -1 -1 -1 -1 -1 -1 -1 -1 -1 -1 20 -1 -1 -1 -1 -1 -1 
-1 -1 -1 -1 -1 -1 -1 -1 -1 -1 -1 -1 -1 -1 -1 -1 -1 -1 -1 -1 -1 -1 -1 -1 -1 -1 -1 -1 -1 -1 -1 92 24 80 -1 -1 -1 
-1 -1 -1 -1 -1 -1 -1 -1 -1 -1 -1 -1 -1 -1 -1 -1 -1 -1 -1 -1 -1 -1 -1 -1 -1 -1 -1 -1 -1 -1 -1 34 -1 -1 -1 -1 -1 
-1 -1 -1 -1 -1 -1 -1 -1 -1 -1 -1 -1 -1 -1 -1 -1 -1 -1 -1 -1 -1 -1 -1 -1 -1 -1 -1 -1 -1 -1 -1 -1 96 -1 -1 -1 -1 
-1 -1 -1 -1 -1 -1 -1 -1 -1 -1 -1 -1 -1 -1 -1 -1 -1 -1 -1 -1 -1 -1 -1 -1 -1 -1 -1 -1 -1 -1 -1 -1 -1 58 -1 -1 -1 
-1 -1 -1 -1 -1 -1 -1 -1 -1 -1 -1 -1 -1 -1 -1 -1 -1 -1 -1 -1 -1 -1 -1 -1 -1 -1 -1 -1 -1 -1 -1 -1 -1 -1 66 26 -1 
-1 -1 -1 -1 -1 -1 -1 -1 -1 -1 -1 -1 -1 -1 -1 -1 -1 -1 -1 -1 -1 -1 -1 -1 -1 -1 -1 -1 -1 -1 -1 -1 -1 -1 23 -1 -1 
-1 -1 -1 -1 -1 -1 -1 -1 -1 -1 -1 -1 -1 -1 -1 -1 -1 -1 -1 -1 -1 -1 -1 -1 -1 -1 -1 -1 -1 -1 -1 -1 -1 -1 -1 99 -1 
-1 -1 -1 -1 -1 -1 -1 -1 -1 -1 -1 -1 -1 -1 -1 -1 -1 -1 -1 -1 -1 -1 -1 -1 -1 -1 -1 -1 -1 -1 -1 -1 -1 -1 -1 -1 95 
-1 -1 -1 -1 -1 -1 -1 -1 -1 -1 -1 -1 -1 -1 -1 -1 -1 -1 -1 -1 -1 -1 -1 -1 -1 -1 -1 -1 -1 -1 -1 -1 -1 -1 -1 -1 46 
-1 -1 -1 -1 -1 -1 -1 -1 -1 -1 -1 -1 -1 -1 -1 -1 -1 -1 -1 -1 -1 -1 -1 -1 -1 -1 -1 -1 -1 -1 -1 -1 -1 -1 -1 -1 -1 
