35 64
53 64 36 20 88 72 18 75 30 11 66 16 43 73 40 47 12 42 72 96 69 72 79 41 89 64 27 74 17 35 19 59 41 78 57 90 63 34 48 28 48 64 69 53 19 29 29 45 92 46 41 94 68 75 11 23 22 84 70 31 95 46 56 67 
31 68 42 97 97 84 28 18 31 24 55 28 92 30 77 57 75 37 34 98 25 85 16 40 13 73 58 32 42 27 54 28 52 58 27 23 62 72 90 71 72 75 34 23 72 23 24 83 70 23 16 57 78 37 72 25 56 52 56 24 54 28 18 10 
63 41 59 15 99 91 44 61 39 65 89 42 33 44 38 46 79 98 84 14 96 64 71 88 50 36 16 30 99 77 36 66 12 42 78 88 21 84 11 59 65 48 47 49 26 26 56 80 32 29 69 99 40 36 66 11 95 55 53 72 98 14 86 25 
71 40 29 88 86 22 12 91 50 39 11 23 31 43 19 38 77 50 15 21 90 40 94 92 24 74 48 70 75 77 82 54 39 37 17 62 94 86 24 97 67 57 78 59 82 54 45 76 30 93 61 18 64 76 48 40 54 40 39 10 56 32 53 80 
49 45 45 79 15 36 41 25 56 48 95 23 21 17 45 11 11 86 36 91 94 51 65 21 35 60 55 78 58 27 57 44 90 45 15 67 23 61 69 51 21 32 21 30 73 53 98 34 54 68 73 97 96 80 95 12 85 71 36 30 56 91 50 11 
32 48 19 42 31 82 10 21 78 85 10 84 44 15 45 47 95 71 50 26 30 60 77 47 20 80 77 99 35 74 83 30 29 43 10 90 48 59 25 12 53 56 56 63 87 57 22 47 96 76 69 63 99 87 32 93 83 60 18 18 41 68 37 95 
55 47 31 94 43 86 19 79 70 22 46 68 84 86 93 38 57 98 47 90 51 98 93 54 78 50 30 39 43 41 15 74 66 53 72 52 59 28 81 56 78 28 87 98 34 50 21 25 17 26 75 27 66 39 80 85 24 59 70 29 42 53 18 43 
12 99 14 30 57 60 93 64 61 59 43 83 87 72 75 94 81 48 87 32 31 19 23 11 33 69 71 39 42 28 42 33 50 71 98 43 35 69 97 31 15 95 36 36 54 30 20 80 49 28 55 48 48 58 13 54 91 39 69 67 90 88 65 24 
34 48 14 53 90 95 35 48 67 58 51 22 77 97 38 30 69 65 52 56 31 95 54 67 38 22 45 23 87 60 54 96 36 30 44 97 45 57 81 53 58 19 98 93 62 11 44 74 96 18 75 15 28 93 84 88 31 83 64 52 23 98 48 22 
34 28 98 99 18 73 90 80 89 93 80 20 97 21 89 11 64 39 92 76 92 95 91 71 72 53 53 67 15 26 88 44 13 60 77 79 72 24 94 12 30 80 24 98 12 23 40 66 26 84 77 80 40 72 29 93 24 19 53 32 64 92 17 75 
26 76 19 77 95 20 24 32 25 11 55 74 72 16 47 61 27 66 51 80 71 25 41 36 92 11 23 62 64 27 77 93 96 37 32 12 32 10 54 22 40 59 56 95 15 92 12 28 84 53 68 68 84 74 83 52 67 75 74 80 63 56 34 31 
53 73 94 16 75 96 12 73 19 56 75 59 34 88 43 54 35 56 75 74 69 13 19 27 39 58 42 86 34 15 53 86 40 81 69 72 62 58 64 53 18 41 64 41 54 91 92 53 34 91 62 94 69 42 50 40 20 65 41 38 88 50 40 43 
61 27 71 89 64 38 57 78 94 66 80 53 68 20 11 64 60 23 98 97 67 39 91 24 55 84 68 47 48 31 51 34 22 95 75 37 71 82 16 70 11 79 39 47 89 80 95 18 42 81 78 13 11 69 70 64 58 71 96 92 42 61 53 97 
70 53 82 11 91 43 30 62 89 81 75 50 99 88 81 11 86 72 68 70 45 56 55 31 72 94 40 15 80 35 89 45 43 39 76 93 52 76 98 61 28 14 93 50 71 93 30 23 52 45 93 96 60 37 61 85 87 12 11 59 59 96 87 39 
83 31 10 24 90 57 16 59 78 59 89 33 65 13 97 46 94 10 74 19 75 40 10 13 61 17 47 68 52 95 60 15 26 23 40 37 82 32 52 11 76 95 79 86 31 58 10 10 68 53 43 81 28 53 87 95 61 22 61 17 15 76 28 62 
46 45 53 96 84 35 59 68 58 31 76 58 48 74 90 51 36 51 88 38 91 36 47 68 48 37 14 98 54 14 56 53 82 19 99 18 27 12 21 56 45 68 38 28 47 81 35 53 30 39 80 63 30 53 24 24 32 60 98 25 99 41 50 64 
77 67 27 72 72 74 80 60 79 48 48 57 98 28 11 86 96 48 16 72 88 88 92 15 38 50 97 53 42 50 27 12 83 74 87 37 26 20 60 83 19 19 92 58 22 37 91 67 99 33 96 54 29 63 78 37 94 21 41 80 39 59 40 53 
13 56 62 97 39 48 59 75 46 10 33 13 75 26 80 87 49 91 31 83 14 18 48 86 58 71 91 44 83 42 23 70 64 67 83 24 71 73 17 56 50 82 33 49 81 42 73 38 77 59 63 70 31 87 17 45 18 21 32 66 52 37 71 43 
15 23 72 90 76 15 83 78 60 25 66 86 12 53 54 41 43 44 85 56 92 79 62 94 25 41 77 24 53 59 14 43 77 98 33 47 71 65 29 76 44 44 71 18 84 20 92 54 30 64 43 20 98 39 98 79 69 42 98 46 66 53 47 83 
73 95 69 73 65 16 36 22 59 64 21 64 37 74 82 40 99 24 26 15 31 38 99 10 74 28 74 90 90 73 39 39 84 46 45 59 43 84 18 49 43 12 47 99 32 19 66 82 99 64 76 95 18 36 71 48 82 42 34 41 85 45 35 93 
23 98 57 78 15 67 73 79 77 79 40 57 64 37 53 72 42 74 42 52 42 75 58 65 92 29 68 96 75 72 66 89 92 51 71 84 25 90 25 53 73 97 35 98 20 83 28 67 85 90 20 98 21 59 96 56 32 31 78 57 47 35 65 58 
47 29 57 52 15 28 89 25 96 51 73 10 33 28 31 53 10 22 52 30 77 62 61 93 15 50 86 47 57 20 16 11 80 22 11 30 51 24 58 95 69 50 53 28 86 50 24 45 68 59 70 19 10 70 48 65 93 74 11 26 65 54 48 55 
23 60 94 47 85 10 76 27 11 74 65 15 88 44 12 47 35 80 99 15 13 56 12 30 63 93 21 71 65 56 61 53 46 31 55 69 81 34 47 10 92 24 53 27 36 86 35 61 69 69 14 59 71 73 93 75 53 86 97 65 89 87 23 38 
31 25 56 26 21 48 49 13 27 17 78 90 19 55 74 65 82 88 63 94 98 28 28 19 73 78 17 11 42 12 67 57 34 18 39 46 56 57 90 60 56 47 76 91 14 84 75 36 22 30 93 95 32 17 83 44 44 61 58 82 73 94 99 71 
19 18 20 90 15 16 53 38 87 60 48 37 78 10 85 57 98 67 30 77 11 77 20 22 32 64 51 75 29 74 44 76 38 42 49 89 72 96 38 90 71 87 41 14 22 44 94 74 33 76 92 66 26 25 14 56 73 71 20 90 20 50 64 19 
32 11 84 48 48 39 42 83 71 67 97 92 21 38 92 48 93 55 30 71 82 47 40 13 81 45 26 64 80 85 82 99 82 10 10 19 47 44 11 19 48 61 45 88 47 27 63 48 59 47 75 55 75 98 40 32 76 86 95 27 53 54 53 46 
15 78 66 70 22 71 42 62 60 23 57 53 38 77 75 86 80 94 20 70 40 37 53 31 61 63 18 65 74 84 56 89 98 46 58 71 31 73 29 26 79 69 44 70 47 22 99 71 74 95 20 64 68 69 14 92 78 88 85 44 67 42 71 86 
84 94 56 65 91 83 92 78 47 98 68 30 63 65 62 14 72 14 94 68 23 42 66 81 24 20 62 34 33 27 54 70 13 94 34 91 64 56 86 45 69 40 90 47 86 11 52 30 55 49 75 10 33 83 74 69 16 99 57 47 29 72 80 61 
98 33 15 74 78 60 59 69 69 93 32 81 56 80 37 74 29 49 56 50 78 25 97 25 14 77 43 93 93 93 18 88 83 60 73 66 64 64 75 70 60 25 10 37 54 47 82 59 38 61 61 43 64 88 43 52 88 98 31 68 19 92 15 38 
75 40 65 59 81 99 74 16 11 10 10 12 53 21 76 77 56 75 35 70 81 93 10 22 63 35 36 68 46 90 21 85 32 52 12 98 58 61 47 75 51 75 35 35 30 91 15 52 88 68 40 12 56 71 92 67 25 47 25 38 81 45 42 18 
12 84 63 13 18 76 82 93 14 92 66 33 59 86 56 61 36 97 75 52 28 14 16 92 21 65 99 77 86 57 38 24 79 69 64 24 58 34 68 81 56 54 73 22 75 15 82 53 46 70 93 40 94 49 47 80 82 66 18 69 58 74 89 93 
27 41 79 35 35 94 14 33 13 99 65 49 22 32 47 60 19 10 74 93 85 34 88 72 56 20 91 65 63 26 10 11 64 80 60 94 96 12 72 39 47 28 74 40 35 93 53 31 80 36 27 29 42 93 92 76 96 89 58 84 11 32 14 93 
18 69 29 89 78 63 13 26 59 64 96 51 83 83 70 12 51 29 91 41 46 56 50 85 75 37 71 58 45 26 36 84 46 79 58 18 57 97 66 71 89 59 74 10 29 82 80 65 36 24 55 44 63 46 65 58 22 17 34 40 45 11 84 36 
62 90 37 71 40 80 16 37 72 45 94 82 26 50 39 17 52 21 13 80 25 46 40 64 85 70 22 92 57 65 34 54 59 74 48 68 60 76 73 27 44 91 49 60 87 16 62 75 35 25 20 27 31 66 19 57 22 48 98 39 27 38 79 10 
65 73 90 99 17 25 85 34 31 18 58 14 89 14 29 27 89 50 26 53 23 81 65 14 46 32 81 25 22 60 48 41 21 29 13 84 65 24 66 46 47 41 56 72 83 17 28 56 90 38 24 92 45 17 75 67 71 43 31 58 90 97 92 13 
-1 87 23 47 60 10 90 89 -1 -1 -1 -1 -1 -1 -1 -1 -1 -1 -1 -1 -1 -1 -1 -1 -1 -1 -1 -1 -1 -1 -1 -1 -1 -1 -1 
-1 -1 -1 -1 -1 -1 -1 -1 44 -1 -1 -1 -1 -1 -1 -1 -1 -1 -1 -1 -1 -1 -1 -1 -1 -1 -1 -1 -1 -1 -1 -1 -1 -1 -1 
-1 -1 -1 -1 -1 -1 -1 -1 -1 16 -1 -1 -1 -1 -1 -1 -1 -1 -1 -1 -1 -1 -1 -1 -1 -1 -1 -1 -1 -1 -1 -1 -1 -1 -1 
-1 -1 -1 -1 -1 -1 -1 -1 -1 -1 72 -1 -1 -1 -1 -1 -1 -1 -1 -1 -1 -1 -1 -1 -1 -1 -1 -1 -1 -1 -1 -1 -1 -1 -1 
-1 -1 -1 -1 -1 -1 -1 -1 -1 -1 -1 63 -1 -1 -1 -1 -1 -1 -1 -1 -1 -1 -1 -1 -1 -1 -1 -1 -1 -1 -1 -1 -1 -1 -1 
-1 -1 -1 -1 -1 -1 -1 -1 -1 -1 -1 -1 97 -1 -1 -1 -1 -1 -1 -1 -1 -1 -1 -1 -1 -1 -1 -1 -1 -1 -1 -1 -1 -1 -1 
-1 -1 -1 -1 -1 -1 -1 -1 -1 -1 -1 -1 -1 58 -1 -1 -1 -1 -1 -1 -1 -1 -1 -1 -1 -1 -1 -1 -1 -1 -1 -1 -1 -1 -1 
-1 -1 -1 -1 -1 -1 -1 -1 -1 -1 -1 -1 -1 -1 34 -1 -1 -1 -1 -1 -1 -1 -1 -1 -1 -1 -1 -1 -1 -1 -1 -1 -1 -1 -1 
-1 -1 -1 -1 -1 -1 -1 -1 -1 84 10 87 76 62 97 -1 -1 -1 -1 -1 -1 -1 -1 -1 -1 -1 -1 -1 -1 -1 -1 -1 -1 -1 -1 
-1 -1 -1 -1 -1 -1 -1 -1 -1 -1 -1 -1 -1 -1 -1 93 -1 -1 -1 -1 -1 -1 -1 -1 -1 -1 -1 -1 -1 -1 -1 -1 -1 -1 -1 
-1 -1 -1 -1 -1 -1 -1 -1 -1 -1 -1 -1 -1 -1 -1 -1 65 -1 -1 -1 -1 -1 -1 -1 -1 -1 -1 -1 -1 -1 -1 -1 -1 -1 -1 
-1 -1 -1 -1 -1 -1 -1 -1 -1 -1 -1 -1 -1 -1 -1 -1 -1 17 -1 -1 -1 -1 -1 -1 -1 -1 -1 -1 -1 -1 -1 -1 -1 -1 -1 
-1 -1 -1 -1 -1 -1 -1 -1 -1 -1 -1 -1 -1 -1 -1 -1 -1 -1 52 -1 -1 -1 -1 -1 -1 -1 -1 -1 -1 -1 -1 -1 -1 -1 -1 
-1 -1 -1 -1 -1 -1 -1 -1 -1 -1 -1 -1 -1 -1 -1 -1 -1 -1 -1 64 -1 -1 -1 -1 -1 -1 -1 -1 -1 -1 -1 -1 -1 -1 -1 
-1 -1 -1 -1 -1 -1 -1 -1 -1 -1 -1 -1 -1 -1 -1 -1 -1 -1 -1 -1 92 -1 -1 -1 -1 -1 -1 -1 -1 -1 -1 -1 -1 -1 -1 
-1 -1 -1 -1 -1 -1 -1 -1 -1 -1 -1 -1 -1 -1 -1 -1 78 89 95 81 55 -1 -1 -1 -1 -1 -1 -1 -1 -1 -1 -1 -1 -1 -1 
-1 -1 -1 -1 -1 -1 -1 -1 -1 -1 -1 -1 -1 -1 -1 -1 -1 -1 -1 -1 -1 49 -1 -1 -1 -1 -1 -1 -1 -1 -1 -1 -1 -1 -1 
-1 -1 -1 -1 -1 -1 -1 -1 -1 -1 -1 -1 -1 -1 -1 -1 -1 -1 -1 -1 -1 -1 73 -1 -1 -1 -1 -1 -1 -1 -1 -1 -1 -1 -1 
-1 -1 -1 -1 -1 -1 -1 -1 -1 -1 -1 -1 -1 -1 -1 -1 -1 -1 -1 -1 -1 -1 -1 18 -1 -1 -1 -1 -1 -1 -1 -1 -1 -1 -1 
-1 -1 -1 -1 -1 -1 -1 -1 -1 -1 -1 -1 -1 -1 -1 -1 -1 -1 -1 -1 -1 -1 -1 -1 69 -1 -1 -1 -1 -1 -1 -1 -1 -1 -1 
-1 -1 -1 -1 -1 -1 -1 -1 -1 -1 -1 -1 -1 -1 -1 -1 -1 -1 -1 -1 -1 -1 -1 -1 -1 80 -1 -1 -1 -1 -1 -1 -1 -1 -1 
-1 -1 -1 -1 -1 -1 -1 -1 -1 -1 -1 -1 -1 -1 -1 -1 -1 -1 -1 -1 -1 -1 91 10 69 42 -1 -1 -1 -1 -1 -1 -1 -1 -1 
-1 -1 -1 -1 -1 -1 -1 -1 -1 -1 -1 -1 -1 -1 -1 -1 -1 -1 -1 -1 -1 -1 -1 -1 -1 -1 56 -1 -1 -1 -1 -1 -1 -1 -1 
-1 -1 -1 -1 -1 -1 -1 -1 -1 -1 -1 -1 -1 -1 -1 -1 -1 -1 -1 -1 -1 -1 -1 -1 -1 -1 -1 67 -1 -1 -1 -1 -1 -1 -1 
-1 -1 -1 -1 -1 -1 -1 -1 -1 -1 -1 -1 -1 -1 -1 -1 -1 -1 -1 -1 -1 -1 -1 -1 -1 -1 -1 -1 10 -1 -1 -1 -1 -1 -1 
-1 -1 -1 -1 -1 -1 -1 -1 -1 -1 -1 -1 -1 -1 -1 -1 -1 -1 -1 -1 -1 -1 -1 -1 -1 -1 -1 -1 -1 72 -1 -1 -1 -1 -1 
-1 -1 -1 -1 -1 -1 -1 -1 -1 -1 -1 -1 -1 -1 -1 -1 -1 -1 -1 -1 -1 -1 -1 -1 -1 -1 -1 28 68 19 -1 -1 -1 -1 -1 
-1 -1 -1 -1 -1 -1 -1 -1 -1 -1 -1 -1 -1 -1 -1 -1 -1 -1 -1 -1 -1 -1 -1 -1 -1 -1 -1 -1 -1 -1 30 -1 -1 -1 -1 
-1 -1 -1 -1 -1 -1 -1 -1 -1 -1 -1 -1 -1 -1 -1 -1 -1 -1 -1 -1 -1 -1 -1 -1 -1 -1 -1 -1 -1 -1 -1 40 -1 -1 -1 
-1 -1 -1 -1 -1 -1 -1 -1 -1 -1 -1 -1 -1 -1 -1 -1 -1 -1 -1 -1 -1 -1 -1 -1 -1 -1 -1 -1 -1 -1 -1 -1 42 -1 -1 
-1 -1 -1 -1 -1 -1 -1 -1 -1 -1 -1 -1 -1 -1 -1 -1 -1 -1 -1 -1 -1 -1 -1 -1 -1 -1 -1 -1 -1 -1 -1 98 78 -1 -1 
-1 -1 -1 -1 -1 -1 -1 -1 -1 -1 -1 -1 -1 -1 -1 -1 -1 -1 -1 -1 -1 -1 -1 -1 -1 -1 -1 -1 -1 -1 -1 -1 -1 61 -1 
-1 -1 -1 -1 -1 -1 -1 -1 -1 -1 -1 -1 -1 -1 -1 -1 -1 -1 -1 -1 -1 -1 -1 -1 -1 -1 -1 -1 -1 -1 -1 -1 -1 -1 73 
-1 -1 -1 -1 -1 -1 -1 -1 -1 -1 -1 -1 -1 -1 -1 -1 -1 -1 -1 -1 -1 -1 -1 -1 -1 -1 -1 -1 -1 -1 -1 -1 -1 -1 14 
-1 -1 -1 -1 -1 -1 -1 -1 -1 -1 -1 -1 -1 -1 -1 -1 -1 -1 -1 -1 -1 -1 -1 -1 -1 -1 -1 -1 -1 -1 -1 -1 -1 -1 -1 
