35 64
45 35 25 49 10 43 22 39 38 37 76 54 99 41 26 53 36 49 73 79 79 92 84 14 98 73 57 41 93 54 66 60 86 54 16 98 18 93 30 37 46 43 31 67 28 40 77 61 79 63 53 93 74 94 13 60 65 68 43 54 69 68 23 97 
14 20 78 99 20 63 63 55 49 97 40 34 39 68 77 39 73 47 50 90 27 55 11 13 21 54 46 91 25 77 43 60 81 54 80 27 15 15 77 26 43 99 15 68 97 18 60 37 37 56 67 94 50 36 81 97 36 93 49 78 42 88 18 20 
34 57 29 46 68 31 57 27 94 85 69 39 23 72 78 89 80 49 42 35 78 31 98 82 55 84 18 53 54 66 33 96 96 70 36 32 88 40 71 51 29 18 86 19 27 56 76 96 17 12 82 24 10 65 30 51 85 86 64 71 53 61 58 90 
13 82 72 94 52 65 40 22 36 41 63 96 21 25 77 92 41 78 97 54 30 53 57 30 59 70 51 49 24 53 78 73 37 75 47 66 60 86 24 33 17 88 28 70 24 16 52 29 31 86 12 82 81 34 91 32 23 13 80 71 28 55 21 39 
71 31 10 30 81 53 96 74 39 90 96 37 35 75 64 42 15 76 30 56 25 74 45 47 24 65 25 24 68 66 61 75 65 21 32 71 43 16 69 91 12 73 59 47 68 43 83 73 34 19 83 79 48 55 91 69 89 53 14 15 98 62 56 91 
60 34 25 96 47 84 60 25 38 96 22 76 70 80 80 84 98 31 97 83 54 93 75 33 56 33 30 88 18 84 13 53 25 31 38 99 58 26 34 47 34 81 35 59 14 54 68 13 25 11 70 18 12 60 11 71 62 83 18 38 50 38 42 52 
69 43 90 55 67 82 48 68 49 39 70 38 63 71 64 23 28 84 76 71 37 76 94 48 25 48 17 29 48 60 56 65 67 35 88 75 71 90 45 27 11 77 34 21 97 50 44 89 76 76 76 84 54 54 29 22 26 80 71 75 40 29 13 73 
71 93 64 69 25 51 83 16 89 89 52 97 74 25 15 14 28 71 80 19 52 13 65 80 52 53 42 93 17 91 59 42 67 61 67 83 15 49 21 16 85 11 34 29 85 72 93 11 53 81 80 10 70 30 39 17 97 58 26 52 78 68 88 41 
83 81 62 75 67 60 10 90 32 52 59 37 40 23 59 34 84 79 46 94 95 60 21 33 88 74 69 84 96 73 96 76 69 16 84 24 91 42 12 47 86 74 79 93 79 55 72 86 75 12 38 89 58 41 50 51 14 65 95 10 61 83 34 93 
84 80 58 43 60 15 74 83 33 20 88 42 86 62 77 53 60 31 52 66 57 55 36 10 62 42 38 93 29 36 97 44 46 34 41 75 99 97 99 43 10 50 45 82 52 66 64 36 48 34 13 31 28 24 76 97 23 43 51 54 16 62 31 62 
89 26 31 74 81 41 94 86 61 33 85 26 73 73 16 30 37 81 78 33 83 88 38 68 58 73 83 89 29 78 59 94 46 55 14 85 93 22 88 62 61 58 98 70 19 15 52 62 18 86 31 60 81 22 34 50 54 33 84 89 32 73 25 31 
69 85 94 59 63 52 17 98 67 90 68 52 69 66 70 21 65 67 99 23 71 15 88 23 55 61 34 97 20 84 10 87 86 55 96 88 38 84 92 12 21 50 58 69 79 35 98 29 47 64 37 76 81 30 76 46 60 77 80 19 16 91 25 54 
92 88 58 78 60 81 92 75 59 43 91 35 11 54 88 48 71 55 59 33 74 10 76 75 72 41 30 88 43 47 47 78 97 15 36 23 20 77 78 35 51 34 13 38 21 50 82 88 17 91 54 15 73 27 37 10 86 30 30 74 15 45 83 25 
61 42 25 76 45 47 85 16 56 57 34 12 69 45 70 65 15 73 24 49 49 36 35 31 40 36 71 57 33 84 45 34 52 42 61 21 12 18 11 42 88 65 99 66 65 23 69 54 40 80 81 81 37 96 23 82 97 15 29 63 91 31 25 20 
79 41 26 79 95 43 84 92 39 99 74 70 95 31 87 26 12 71 51 77 61 21 22 71 66 12 71 47 44 68 87 26 98 70 26 94 53 58 39 68 21 71 69 58 42 63 97 51 22 47 77 72 22 36 68 60 89 12 97 26 38 28 66 90 
84 74 96 43 55 41 23 29 84 51 94 57 79 69 82 82 45 12 81 98 74 30 79 15 65 45 97 18 23 12 17 96 72 11 20 39 39 91 70 93 14 19 56 27 57 80 54 72 10 76 68 23 60 58 28 70 24 49 55 37 38 13 51 25 
77 22 83 81 38 92 11 47 51 72 76 25 10 39 66 67 76 10 52 66 60 60 46 91 62 23 39 28 42 65 23 76 14 87 63 96 97 15 14 67 30 52 10 51 17 93 29 83 89 79 15 36 70 29 38 70 89 93 49 79 34 54 55 15 
81 83 32 65 99 36 89 84 70 37 29 35 97 46 38 82 10 95 39 74 10 82 53 29 55 38 46 26 11 83 73 98 41 71 42 16 38 96 97 93 17 62 82 12 96 79 10 11 61 79 28 26 42 55 58 69 52 78 63 98 93 34 13 57 
29 60 63 78 98 26 99 36 47 17 65 85 88 10 29 56 19 75 91 88 90 70 27 76 29 37 20 47 77 48 95 43 21 31 44 44 44 60 96 20 68 36 62 91 50 91 95 24 32 10 92 46 56 65 36 68 31 37 73 53 80 55 56 35 
87 57 50 66 85 24 77 36 38 45 56 10 48 48 67 71 50 32 60 50 70 97 61 91 71 24 11 99 48 44 44 65 81 14 88 49 23 80 14 82 15 32 55 23 73 55 76 69 58 23 43 42 65 80 82 16 37 78 66 14 82 23 73 14 
62 21 81 61 17 50 34 21 72 23 93 99 58 32 33 68 12 97 60 59 28 33 23 83 91 14 11 49 82 86 50 61 85 19 90 89 51 87 52 66 88 68 68 67 60 54 65 94 56 25 72 12 65 62 37 58 81 94 81 52 51 91 40 77 
32 44 64 62 22 71 91 97 84 59 73 85 76 54 57 28 16 80 12 28 76 98 55 95 76 30 60 94 12 34 37 52 92 57 76 65 63 44 45 25 15 26 18 86 64 42 58 58 21 82 48 87 14 49 79 78 83 36 82 73 90 91 70 31 
66 20 54 55 70 80 53 78 30 51 32 83 96 32 80 82 18 60 28 91 25 52 98 38 67 99 59 13 36 73 50 56 63 92 46 64 92 83 65 73 32 76 37 60 53 72 24 50 35 89 40 15 53 89 55 52 22 27 79 27 53 43 13 21 
67 50 62 19 61 71 33 24 39 61 33 65 99 18 35 68 22 22 64 90 49 91 49 62 98 63 13 61 61 38 11 64 35 85 22 58 91 48 85 27 78 28 35 41 24 46 53 17 66 28 64 39 27 33 89 26 13 60 86 66 16 81 78 75 
84 96 79 26 54 47 66 17 47 78 56 78 20 39 14 40 46 71 48 52 37 53 32 56 16 46 22 98 36 46 35 80 78 14 48 34 40 65 88 85 52 31 98 81 13 18 93 65 90 32 46 24 46 95 46 67 36 96 88 58 85 13 66 78 
28 26 85 13 10 85 35 40 72 59 89 27 46 15 53 58 49 10 93 29 56 75 73 24 48 90 92 95 76 65 47 17 32 14 60 86 26 98 18 57 83 76 30 79 74 38 77 92 68 42 69 17 45 29 76 81 42 71 91 14 41 60 91 38 
75 73 73 61 68 23 88 53 86 40 95 36 81 70 57 53 48 69 28 40 54 33 10 23 93 98 17 41 78 60 62 80 79 60 98 88 24 28 81 74 22 97 81 15 19 57 47 10 52 89 39 27 57 47 42 74 42 79 11 62 63 10 52 47 
25 77 20 21 39 17 87 38 67 66 38 93 86 28 44 58 30 48 11 64 39 27 36 99 99 32 89 91 20 62 61 97 77 44 68 92 93 18 59 66 32 44 38 92 90 14 12 87 79 67 37 39 24 43 51 64 61 82 71 61 86 71 85 29 
79 60 79 73 73 42 60 51 95 96 53 59 49 53 39 62 54 85 29 85 50 91 33 92 34 81 44 44 62 49 15 88 42 38 61 64 55 33 85 10 70 82 77 65 78 82 77 12 56 82 68 40 37 79 87 31 68 74 32 67 93 73 53 43 
51 50 47 83 16 78 89 50 47 31 64 28 75 65 27 34 36 40 46 51 50 28 65 49 23 16 64 40 33 15 98 21 28 70 28 80 52 91 32 69 27 30 10 31 82 81 10 18 75 94 58 29 42 14 75 23 37 30 92 20 17 85 65 55 
62 80 95 74 94 99 98 97 59 63 19 81 32 70 37 35 82 29 70 62 29 42 27 35 43 33 91 85 36 12 84 44 41 54 92 38 81 80 48 69 75 99 66 84 79 54 81 77 11 34 58 20 36 80 48 99 56 39 60 48 12 88 57 33 
27 11 42 16 32 38 25 71 17 72 11 47 17 38 12 26 70 31 16 64 17 52 63 48 80 95 17 14 30 26 73 23 22 93 85 25 56 49 13 51 14 88 44 17 90 51 27 10 90 81 50 44 13 57 85 31 89 36 43 16 15 92 21 18 
80 12 63 97 30 35 98 12 83 26 56 11 76 43 59 54 97 30 81 93 55 36 76 44 84 11 48 38 25 83 44 87 85 82 71 30 46 19 40 92 88 97 27 48 53 86 68 43 46 22 84 48 93 21 60 55 18 38 66 29 85 57 20 76 
66 67 65 24 20 32 84 95 73 98 64 66 71 28 34 20 39 96 79 18 79 39 34 52 34 77 83 42 23 48 94 89 41 88 43 23 16 91 75 12 72 17 21 80 37 40 30 27 85 23 15 74 22 56 79 30 65 26 24 65 53 10 26 76 
42 61 89 87 75 71 78 93 68 82 56 26 86 42 36 64 32 32 57 47 25 25 45 83 75 53 27 59 31 46 62 30 92 50 20 69 76 20 16 19 71 73 27 87 97 38 32 87 98 36 71 56 68 48 73 25 69 50 88 59 62 21 60 23 
-1 82 64 76 79 30 16 29 -1 -1 -1 -1 -1 -1 -1 -1 -1 -1 -1 -1 -1 -1 -1 -1 -1 -1 -1 -1 -1 -1 -1 -1 -1 -1 -1 
-1 -1 -1 -1 -1 -1 -1 -1 24 -1 -1 -1 -1 -1 -1 -1 -1 -1 -1 -1 -1 -1 -1 -1 -1 -1 -1 -1 -1 -1 -1 -1 -1 -1 -1 
-1 -1 -1 -1 -1 -1 -1 -1 -1 45 -1 -1 -1 -1 -1 -1 -1 -1 -1 -1 -1 -1 -1 -1 -1 -1 -1 -1 -1 -1 -1 -1 -1 -1 -1 
-1 -1 -1 -1 -1 -1 -1 -1 -1 -1 100 -1 -1 -1 -1 -1 -1 -1 -1 -1 -1 -1 -1 -1 -1 -1 -1 -1 -1 -1 -1 -1 -1 -1 -1 
-1 -1 -1 -1 -1 -1 -1 -1 -1 -1 -1 29 -1 -1 -1 -1 -1 -1 -1 -1 -1 -1 -1 -1 -1 -1 -1 -1 -1 -1 -1 -1 -1 -1 -1 
-1 -1 -1 -1 -1 -1 -1 -1 -1 -1 -1 -1 87 -1 -1 -1 -1 -1 -1 -1 -1 -1 -1 -1 -1 -1 -1 -1 -1 -1 -1 -1 -1 -1 -1 
-1 -1 -1 -1 -1 -1 -1 -1 -1 -1 -1 -1 -1 74 -1 -1 -1 -1 -1 -1 -1 -1 -1 -1 -1 -1 -1 -1 -1 -1 -1 -1 -1 -1 -1 
-1 -1 -1 -1 -1 -1 -1 -1 -1 -1 -1 -1 -1 -1 15 -1 -1 -1 -1 -1 -1 -1 -1 -1 -1 -1 -1 -1 -1 -1 -1 -1 -1 -1 -1 
-1 -1 -1 -1 -1 -1 -1 -1 -1 18 65 56 62 59 38 -1 -1 -1 -1 -1 -1 -1 -1 -1 -1 -1 -1 -1 -1 -1 -1 -1 -1 -1 -1 
-1 -1 -1 -1 -1 -1 -1 -1 -1 -1 -1 -1 -1 -1 -1 37 -1 -1 -1 -1 -1 -1 -1 -1 -1 -1 -1 -1 -1 -1 -1 -1 -1 -1 -1 
-1 -1 -1 -1 -1 -1 -1 -1 -1 -1 -1 -1 -1 -1 -1 -1 61 -1 -1 -1 -1 -1 -1 -1 -1 -1 -1 -1 -1 -1 -1 -1 -1 -1 -1 
-1 -1 -1 -1 -1 -1 -1 -1 -1 -1 -1 -1 -1 -1 -1 -1 -1 71 -1 -1 -1 -1 -1 -1 -1 -1 -1 -1 -1 -1 -1 -1 -1 -1 -1 
-1 -1 -1 -1 -1 -1 -1 -1 -1 -1 -1 -1 -1 -1 -1 -1 -1 -1 62 -1 -1 -1 -1 -1 -1 -1 -1 -1 -1 -1 -1 -1 -1 -1 -1 
-1 -1 -1 -1 -1 -1 -1 -1 -1 -1 -1 -1 -1 -1 -1 -1 -1 -1 -1 75 -1 -1 -1 -1 -1 -1 -1 -1 -1 -1 -1 -1 -1 -1 -1 
-1 -1 -1 -1 -1 -1 -1 -1 -1 -1 -1 -1 -1 -1 -1 -1 -1 -1 -1 -1 82 -1 -1 -1 -1 -1 -1 -1 -1 -1 -1 -1 -1 -1 -1 
-1 -1 -1 -1 -1 -1 -1 -1 -1 -1 -1 -1 -1 -1 -1 -1 41 61 98 81 68 -1 -1 -1 -1 -1 -1 -1 -1 -1 -1 -1 -1 -1 -1 
-1 -1 -1 -1 -1 -1 -1 -1 -1 -1 -1 -1 -1 -1 -1 -1 -1 -1 -1 -1 -1 34 -1 -1 -1 -1 -1 -1 -1 -1 -1 -1 -1 -1 -1 
-1 -1 -1 -1 -1 -1 -1 -1 -1 -1 -1 -1 -1 -1 -1 -1 -1 -1 -1 -1 -1 -1 78 -1 -1 -1 -1 -1 -1 -1 -1 -1 -1 -1 -1 
-1 -1 -1 -1 -1 -1 -1 -1 -1 -1 -1 -1 -1 -1 -1 -1 -1 -1 -1 -1 -1 -1 -1 49 -1 -1 -1 -1 -1 -1 -1 -1 -1 -1 -1 
-1 -1 -1 -1 -1 -1 -1 -1 -1 -1 -1 -1 -1 -1 -1 -1 -1 -1 -1 -1 -1 -1 -1 -1 64 -1 -1 -1 -1 -1 -1 -1 -1 -1 -1 
-1 -1 -1 -1 -1 -1 -1 -1 -1 -1 -1 -1 -1 -1 -1 -1 -1 -1 -1 -1 -1 -1 -1 -1 -1 90 -1 -1 -1 -1 -1 -1 -1 -1 -1 
-1 -1 -1 -1 -1 -1 -1 -1 -1 -1 -1 -1 -1 -1 -1 -1 -1 -1 -1 -1 -1 -1 52 59 22 77 -1 -1 -1 -1 -1 -1 -1 -1 -1 
-1 -1 -1 -1 -1 -1 -1 -1 -1 -1 -1 -1 -1 -1 -1 -1 -1 -1 -1 -1 -1 -1 -1 -1 -1 -1 59 -1 -1 -1 -1 -1 -1 -1 -1 
-1 -1 -1 -1 -1 -1 -1 -1 -1 -1 -1 -1 -1 -1 -1 -1 -1 -1 -1 -1 -1 -1 -1 -1 -1 -1 -1 29 -1 -1 -1 -1 -1 -1 -1 
-1 -1 -1 -1 -1 -1 -1 -1 -1 -1 -1 -1 -1 -1 -1 -1 -1 -1 -1 -1 -1 -1 -1 -1 -1 -1 -1 -1 53 -1 -1 -1 -1 -1 -1 
-1 -1 -1 -1 -1 -1 -1 -1 -1 -1 -1 -1 -1 -1 -1 -1 -1 -1 -1 -1 -1 -1 -1 -1 -1 -1 -1 -1 -1 70 -1 -1 -1 -1 -1 
-1 -1 -1 -1 -1 -1 -1 -1 -1 -1 -1 -1 -1 -1 -1 -1 -1 -1 -1 -1 -1 -1 -1 -1 -1 -1 -1 73 64 43 -1 -1 -1 -1 -1 
-1 -1 -1 -1 -1 -1 -1 -1 -1 -1 -1 -1 -1 -1 -1 -1 -1 -1 -1 -1 -1 -1 -1 -1 -1 -1 -1 -1 -1 -1 60 -1 -1 -1 -1 
-1 -1 -1 -1 -1 -1 -1 -1 -1 -1 -1 -1 -1 -1 -1 -1 -1 -1 -1 -1 -1 -1 -1 -1 -1 -1 -1 -1 -1 -1 -1 55 -1 -1 -1 
-1 -1 -1 -1 -1 -1 -1 -1 -1 -1 -1 -1 -1 -1 -1 -1 -1 -1 -1 -1 -1 -1 -1 -1 -1 -1 -1 -1 -1 -1 -1 -1 10 -1 -1 
-1 -1 -1 -1 -1 -1 -1 -1 -1 -1 -1 -1 -1 -1 -1 -1 -1 -1 -1 -1 -1 -1 -1 -1 -1 -1 -1 -1 -1 -1 -1 92 40 -1 -1 
-1 -1 -1 -1 -1 -1 -1 -1 -1 -1 -1 -1 -1 -1 -1 -1 -1 -1 -1 -1 -1 -1 -1 -1 -1 -1 -1 -1 -1 -1 -1 -1 -1 61 -1 
-1 -1 -1 -1 -1 -1 -1 -1 -1 -1 -1 -1 -1 -1 -1 -1 -1 -1 -1 -1 -1 -1 -1 -1 -1 -1 -1 -1 -1 -1 -1 -1 -1 -1 49 
-1 -1 -1 -1 -1 -1 -1 -1 -1 -1 -1 -1 -1 -1 -1 -1 -1 -1 -1 -1 -1 -1 -1 -1 -1 -1 -1 -1 -1 -1 -1 -1 -1 -1 27 
-1 -1 -1 -1 -1 -1 -1 -1 -1 -1 -1 -1 -1 -1 -1 -1 -1 -1 -1 -1 -1 -1 -1 -1 -1 -1 -1 -1 -1 -1 -1 -1 -1 -1 -1 
