50 32
56 35 42 26 120 22 117 71 65 18 36 114 36 119 91 109 118 84 73 124 13 58 9 10 126 110 19 66 118 62 80 45 
96 121 71 87 14 59 29 78 76 64 63 111 54 25 92 43 108 36 38 120 93 47 2 90 28 20 27 17 81 106 62 48 
98 4 6 111 62 34 60 9 97 122 120 22 18 83 64 126 118 101 117 82 19 118 43 46 9 69 63 89 46 124 8 15 
127 13 125 60 46 56 68 14 49 59 35 66 13 98 63 2 71 52 83 89 41 125 7 50 65 69 10 110 64 18 124 62 
30 120 121 76 47 60 89 95 119 124 33 3 93 95 5 35 18 87 124 59 84 2 108 20 70 117 2 5 6 125 66 36 
117 58 111 35 117 71 2 107 66 34 110 31 128 114 65 18 72 60 76 27 61 55 47 2 43 48 6 49 44 71 84 32 
128 66 67 117 8 68 95 74 101 76 104 100 61 40 117 5 100 64 31 32 118 77 34 33 124 39 81 40 110 36 71 109 
101 9 97 108 76 64 53 48 11 28 20 72 68 8 76 39 72 106 70 61 55 103 93 50 14 45 89 123 80 32 103 52 
40 72 32 116 7 84 35 17 112 54 88 51 62 35 89 5 13 30 65 67 5 30 116 18 74 77 12 26 108 114 77 19 
57 108 6 63 64 41 80 47 94 39 97 27 74 57 31 86 86 96 24 90 125 11 107 70 87 118 95 66 104 44 85 32 
23 90 95 86 2 46 4 96 84 100 122 29 28 25 114 114 120 9 75 116 20 54 57 106 43 24 44 18 67 128 50 89 
89 16 47 91 61 50 58 16 22 51 45 49 75 30 34 66 39 109 53 58 34 110 35 76 5 78 94 71 77 15 31 38 
30 77 128 90 127 57 105 20 107 21 68 54 51 102 119 89 82 44 18 115 25 52 62 29 2 27 99 78 41 1 115 70 
78 114 31 76 42 8 95 21 28 34 74 78 7 64 38 88 107 55 74 3 107 8 31 108 34 1 57 75 2 44 16 79 
29 47 26 71 54 120 91 81 25 36 31 32 99 68 119 78 123 65 80 101 72 111 80 105 111 8 51 112 51 67 62 80 
113 87 22 38 78 112 118 103 19 20 6 117 88 124 66 82 60 18 54 3 128 5 108 110 12 30 94 63 96 27 14 80 
114 35 117 63 18 107 37 36 126 42 24 85 38 90 38 97 107 91 100 106 95 79 87 107 108 52 41 76 79 54 27 64 
88 16 126 105 122 35 12 119 76 35 76 113 124 113 82 102 76 53 79 42 3 38 20 110 89 60 57 39 113 84 102 72 
99 100 48 92 6 59 82 81 94 29 66 89 14 19 63 89 71 13 2 73 50 22 54 11 81 111 49 66 66 23 9 36 
122 57 127 127 115 80 79 80 109 16 41 122 34 103 82 104 115 83 48 37 104 102 47 57 84 95 122 21 117 2 56 110 
58 54 108 45 5 59 124 113 74 36 106 108 10 59 83 125 14 3 33 117 104 79 45 59 45 38 79 34 40 6 15 97 
59 123 13 63 53 9 48 126 44 25 105 54 84 60 50 97 62 82 85 37 32 2 95 76 39 45 109 78 50 124 47 108 
118 59 42 42 67 89 39 111 114 16 36 69 75 85 37 8 38 121 44 69 122 10 16 33 54 125 110 103 120 28 82 109 
87 123 22 25 84 60 7 69 75 42 9 21 126 45 28 35 37 71 103 31 80 119 63 5 115 44 107 106 72 60 86 30 
55 107 54 10 38 61 78 113 102 86 5 100 2 33 6 38 103 109 68 55 99 2 59 85 46 38 62 117 97 19 18 23 
125 71 32 34 3 109 18 105 66 23 76 67 55 81 105 29 61 44 83 31 46 14 115 91 51 48 79 19 66 96 42 62 
38 73 96 41 54 113 17 119 7 92 58 61 44 34 90 105 77 44 7 122 57 122 84 107 41 34 126 107 1 39 40 39 
111 7 79 36 120 95 27 126 58 84 59 101 117 20 77 65 63 84 59 120 77 14 98 117 48 95 95 48 5 7 86 116 
13 36 23 4 2 49 2 59 4 60 32 120 79 108 57 13 63 115 4 11 128 102 128 47 68 94 95 73 100 52 60 113 
88 82 116 89 3 117 20 6 48 51 126 126 30 54 11 93 40 14 103 39 115 102 86 55 68 52 127 39 103 58 23 62 
11 11 23 13 127 42 19 47 92 16 44 121 69 54 85 108 68 60 18 54 33 103 108 100 26 106 11 1 35 33 62 46 
43 84 58 42 125 76 88 88 91 3 81 31 57 37 10 124 96 28 49 1 2 29 100 28 6 110 28 41 15 89 86 57 
45 15 98 41 91 57 1 53 60 81 84 116 117 93 111 85 120 31 85 122 59 56 21 65 38 48 105 52 8 62 108 52 
76 78 93 38 6 93 91 65 45 46 52 33 10 34 117 2 65 73 123 123 1 15 59 38 62 35 89 69 96 68 121 44 
17 85 81 23 49 43 87 93 88 11 125 98 44 114 99 108 58 93 103 58 107 33 95 40 68 55 108 35 123 100 78 11 
56 31 33 104 73 120 68 33 2 65 2 45 50 100 25 107 64 127 37 42 31 3 81 98 58 60 5 52 32 82 62 87 
112 95 63 57 86 2 89 87 66 90 3 115 61 27 94 124 25 2 37 56 4 117 25 61 48 29 112 79 111 46 38 94 
12 100 22 97 101 110 55 39 71 57 25 3 84 118 126 108 119 34 35 123 22 60 55 70 88 39 20 70 84 57 36 95 
28 57 63 1 39 117 39 109 45 63 112 128 53 109 108 43 15 14 37 36 73 92 105 33 2 125 102 85 53 9 51 81 
66 113 81 104 101 119 84 17 53 67 17 105 48 124 20 62 9 56 97 82 19 74 114 20 70 87 104 122 96 26 74 33 
10 26 8 110 16 91 127 69 30 15 45 77 10 64 10 18 120 106 99 10 51 84 30 120 43 5 114 10 31 59 42 40 
85 49 22 100 11 20 40 40 34 85 116 43 20 125 60 11 103 31 21 25 114 50 17 28 54 2 37 84 60 78 124 16 
126 17 116 9 36 27 48 69 111 36 111 3 32 42 13 6 72 33 31 58 82 47 85 8 48 122 91 107 71 86 123 69 
102 110 77 9 8 124 77 119 31 59 121 63 101 5 68 44 38 98 101 119 16 58 126 63 51 89 42 121 46 36 61 20 
17 9 28 24 5 105 14 35 35 6 97 7 11 37 51 48 6 23 38 22 80 36 84 2 124 125 123 41 32 55 60 48 
64 88 72 68 64 85 102 98 91 71 105 101 107 27 20 112 49 57 5 1 92 89 2 87 85 124 128 117 51 59 36 114 
18 107 53 81 64 26 51 26 96 27 126 74 53 17 58 101 73 62 101 37 22 103 123 107 98 122 95 20 53 2 5 70 
109 57 23 44 83 73 69 50 99 66 124 23 82 53 123 26 114 96 62 8 70 57 114 39 50 80 59 102 81 63 44 61 
120 66 104 74 10 44 123 108 109 118 2 62 42 124 88 28 91 21 35 32 77 20 71 127 99 1 100 51 63 15 112 54 
80 87 127 89 3 122 68 111 111 69 45 25 65 4 52 27 24 86 59 101 105 1 99 75 1 70 125 63 85 108 117 36 
-1 -1 -1 -1 -1 -1 -1 -1 67 115 125 69 -1 -1 -1 108 -1 -1 -1 -1 64 -1 -1 -1 -1 -1 51 -1 -1 -1 -1 91 -1 -1 -1 -1 -1 -1 5 -1 -1 -1 -1 -1 -1 -1 -1 -1 -1 -1 
-1 -1 -1 -1 -1 -1 -1 -1 -1 -1 -1 -1 95 115 69 -1 -1 -1 -1 -1 -1 -1 -1 -1 -1 -1 -1 98 -1 38 -1 -1 95 -1 -1 -1 -1 -1 -1 122 -1 -1 -1 -1 -1 -1 -1 -1 -1 -1 
-1 -1 -1 -1 -1 -1 -1 -1 -1 123 -1 -1 -1 -1 -1 25 94 99 25 64 -1 -1 -1 -1 -1 -1 -1 -1 -1 -1 -1 -1 -1 -1 -1 -1 -1 -1 -1 -1 45 -1 -1 -1 -1 -1 -1 -1 -1 -1 
-1 -1 -1 -1 -1 -1 -1 -1 -1 -1 -1 -1 -1 25 -1 -1 -1 5 -1 -1 41 88 89 21 -1 -1 -1 -1 76 -1 -1 -1 -1 125 -1 -1 -1 -1 -1 -1 -1 87 -1 -1 -1 -1 -1 -1 -1 -1 
-1 -1 -1 -1 -1 -1 -1 -1 -1 -1 -1 -1 -1 -1 -1 -1 -1 -1 -1 -1 -1 62 -1 -1 121 27 -1 -1 -1 -1 -1 -1 -1 -1 -1 -1 -1 -1 -1 -1 -1 -1 42 -1 -1 -1 -1 -1 -1 -1 
-1 -1 -1 -1 -1 -1 -1 -1 -1 -1 -1 -1 -1 -1 -1 -1 -1 -1 56 -1 -1 -1 77 -1 -1 4 60 44 118 -1 -1 -1 -1 -1 128 -1 -1 -1 -1 -1 -1 -1 -1 13 -1 -1 -1 -1 -1 -1 
-1 -1 -1 -1 -1 -1 -1 -1 -1 -1 27 -1 -1 -1 -1 -1 -1 -1 -1 -1 -1 -1 -1 -1 -1 -1 -1 -1 -1 95 6 -1 -1 -1 -1 21 -1 -1 -1 -1 -1 -1 -1 -1 119 -1 -1 -1 -1 -1 
-1 -1 -1 -1 -1 -1 -1 -1 -1 -1 -1 99 -1 -1 119 -1 -1 -1 -1 16 -1 -1 -1 34 -1 -1 -1 -1 -1 -1 35 40 39 75 127 127 -1 -1 -1 -1 -1 -1 -1 -1 -1 95 -1 -1 -1 -1 
-1 -1 -1 -1 -1 -1 -1 -1 -1 -1 -1 -1 -1 -1 -1 -1 -1 -1 -1 -1 -1 -1 -1 -1 -1 -1 -1 -1 -1 -1 -1 -1 -1 -1 -1 -1 74 -1 -1 -1 -1 -1 -1 -1 -1 -1 -1 -1 -1 -1 
-1 -1 -1 -1 -1 -1 -1 -1 -1 -1 -1 -1 -1 -1 -1 -1 -1 -1 -1 -1 -1 -1 -1 -1 -1 -1 -1 -1 -1 -1 -1 -1 -1 -1 -1 -1 123 -1 -1 -1 -1 -1 -1 -1 -1 -1 -1 -1 -1 -1 
-1 -1 -1 -1 -1 -1 -1 -1 -1 -1 -1 -1 -1 -1 -1 -1 -1 -1 -1 -1 -1 -1 -1 -1 -1 -1 -1 -1 -1 -1 -1 -1 -1 -1 -1 -1 53 -1 -1 -1 -1 -1 -1 -1 -1 -1 -1 -1 -1 -1 
-1 -1 -1 -1 -1 -1 -1 -1 -1 -1 -1 -1 -1 -1 -1 -1 -1 -1 -1 -1 -1 -1 -1 -1 -1 -1 -1 -1 -1 -1 -1 -1 -1 -1 -1 -1 8 -1 -1 -1 -1 -1 -1 -1 -1 -1 -1 -1 -1 -1 
-1 -1 -1 -1 -1 -1 -1 -1 -1 -1 -1 -1 -1 -1 -1 -1 -1 -1 -1 -1 -1 -1 -1 -1 -1 -1 -1 -1 -1 -1 -1 -1 -1 -1 -1 -1 115 -1 -1 -1 -1 -1 -1 -1 -1 -1 -1 -1 -1 -1 
-1 -1 -1 -1 -1 -1 -1 -1 -1 -1 -1 -1 -1 -1 -1 -1 -1 -1 -1 -1 -1 -1 -1 -1 -1 -1 -1 -1 -1 -1 -1 -1 -1 -1 -1 -1 79 -1 -1 -1 -1 -1 -1 -1 -1 -1 -1 -1 -1 -1 
-1 -1 -1 -1 -1 -1 -1 -1 -1 -1 -1 -1 -1 -1 -1 -1 -1 -1 -1 -1 -1 -1 -1 -1 -1 -1 -1 -1 -1 -1 -1 -1 -1 -1 -1 -1 49 -1 -1 -1 -1 -1 -1 -1 -1 -1 -1 -1 -1 -1 
-1 -1 -1 -1 -1 -1 -1 -1 -1 -1 -1 -1 -1 -1 -1 -1 -1 -1 -1 -1 -1 -1 -1 -1 -1 -1 -1 -1 -1 -1 -1 -1 -1 -1 -1 -1 43 -1 -1 -1 -1 -1 -1 -1 -1 -1 -1 -1 -1 -1 
-1 -1 -1 -1 -1 -1 -1 -1 -1 -1 -1 -1 -1 -1 -1 -1 -1 -1 -1 -1 -1 -1 -1 -1 -1 -1 -1 -1 -1 -1 -1 -1 -1 -1 -1 -1 28 -1 -1 -1 -1 -1 -1 -1 -1 -1 -1 -1 -1 -1 
-1 -1 -1 -1 -1 -1 -1 -1 -1 -1 -1 -1 -1 -1 -1 -1 -1 -1 -1 -1 -1 -1 -1 -1 -1 -1 -1 -1 -1 -1 -1 -1 -1 -1 -1 -1 52 -1 -1 -1 -1 -1 -1 -1 -1 -1 -1 -1 -1 -1 
-1 -1 -1 -1 -1 -1 -1 -1 -1 -1 -1 -1 -1 -1 -1 -1 -1 -1 -1 -1 -1 -1 -1 -1 -1 -1 -1 -1 -1 -1 -1 -1 -1 -1 -1 -1 102 -1 -1 -1 -1 -1 -1 -1 -1 -1 -1 -1 -1 -1 
-1 -1 -1 -1 -1 -1 -1 -1 -1 -1 -1 -1 -1 -1 -1 -1 -1 -1 -1 -1 -1 -1 -1 -1 -1 -1 -1 -1 -1 -1 -1 -1 -1 -1 -1 -1 71 -1 -1 -1 -1 -1 -1 -1 -1 -1 -1 -1 -1 -1 
-1 -1 -1 -1 -1 -1 -1 -1 -1 -1 -1 -1 -1 -1 -1 -1 -1 -1 -1 -1 -1 -1 -1 -1 -1 -1 -1 -1 -1 -1 -1 -1 -1 -1 -1 -1 41 -1 -1 -1 -1 -1 -1 -1 -1 -1 -1 -1 -1 -1 
-1 -1 -1 -1 -1 -1 -1 -1 -1 -1 -1 -1 -1 -1 -1 -1 -1 -1 -1 -1 -1 -1 -1 -1 -1 -1 -1 -1 -1 -1 -1 -1 -1 -1 -1 -1 102 -1 -1 -1 -1 -1 -1 -1 -1 -1 -1 -1 -1 -1 
-1 -1 -1 -1 -1 -1 -1 -1 -1 -1 -1 -1 -1 -1 -1 -1 -1 -1 -1 -1 -1 -1 -1 -1 -1 -1 -1 -1 -1 -1 -1 -1 -1 -1 -1 -1 83 -1 -1 -1 -1 -1 -1 -1 -1 -1 -1 -1 -1 -1 
-1 -1 -1 -1 -1 -1 -1 -1 -1 -1 -1 -1 -1 -1 -1 -1 -1 -1 -1 -1 -1 -1 -1 -1 -1 -1 -1 -1 -1 -1 -1 -1 -1 -1 -1 -1 67 -1 -1 -1 -1 -1 -1 -1 -1 -1 -1 -1 -1 -1 
-1 -1 -1 -1 -1 -1 -1 -1 -1 -1 -1 -1 -1 -1 -1 -1 -1 -1 -1 -1 -1 -1 -1 -1 -1 -1 -1 -1 -1 -1 -1 -1 -1 -1 -1 -1 68 -1 -1 -1 -1 -1 -1 -1 -1 -1 -1 -1 -1 -1 
-1 -1 -1 -1 -1 -1 -1 -1 -1 -1 -1 -1 -1 -1 -1 -1 -1 -1 -1 -1 -1 -1 -1 -1 -1 -1 -1 -1 -1 -1 -1 -1 -1 -1 -1 -1 89 -1 -1 -1 -1 -1 -1 -1 -1 -1 -1 -1 -1 -1 
-1 -1 -1 -1 -1 -1 -1 -1 -1 -1 -1 -1 -1 -1 -1 -1 -1 -1 -1 -1 -1 -1 -1 -1 -1 -1 -1 -1 -1 -1 -1 -1 -1 -1 -1 -1 87 -1 -1 -1 -1 -1 -1 -1 -1 -1 -1 -1 -1 -1 
-1 -1 -1 -1 -1 -1 -1 -1 -1 -1 -1 -1 -1 -1 -1 -1 -1 -1 -1 -1 -1 -1 -1 -1 -1 -1 -1 -1 -1 -1 -1 -1 -1 -1 -1 -1 58 -1 -1 -1 -1 -1 -1 -1 -1 -1 -1 -1 -1 -1 
-1 -1 -1 -1 -1 -1 -1 -1 -1 -1 -1 -1 -1 -1 -1 -1 -1 -1 -1 -1 -1 -1 -1 -1 -1 -1 -1 -1 -1 -1 -1 -1 -1 -1 -1 -1 59 -1 -1 -1 -1 -1 -1 -1 -1 -1 -1 -1 -1 -1 
-1 -1 -1 -1 -1 -1 -1 -1 -1 -1 -1 -1 -1 -1 -1 -1 -1 -1 -1 -1 -1 -1 -1 -1 -1 -1 -1 -1 -1 -1 -1 -1 -1 -1 -1 -1 77 -1 -1 -1 -1 -1 -1 -1 -1 -1 -1 -1 -1 -1 
-1 -1 -1 -1 -1 -1 -1 -1 -1 -1 -1 -1 -1 -1 -1 -1 -1 -1 -1 -1 -1 -1 -1 -1 -1 -1 -1 -1 -1 -1 -1 -1 -1 -1 -1 -1 73 -1 -1 -1 -1 -1 -1 -1 -1 -1 -1 -1 -1 -1 
-1 -1 -1 -1 -1 -1 -1 -1 -1 -1 -1 -1 -1 -1 -1 -1 -1 -1 -1 -1 -1 -1 -1 -1 -1 -1 -1 -1 -1 -1 -1 -1 -1 -1 -1 -1 93 -1 -1 -1 -1 -1 -1 -1 -1 -1 -1 -1 -1 -1 
-1 -1 -1 -1 -1 -1 -1 -1 -1 -1 -1 -1 -1 -1 -1 -1 -1 -1 -1 -1 -1 -1 -1 -1 -1 -1 -1 -1 -1 -1 -1 -1 -1 -1 -1 -1 111 -1 -1 -1 -1 -1 -1 -1 -1 -1 -1 -1 -1 -1 
-1 -1 -1 -1 -1 -1 -1 -1 -1 -1 -1 -1 -1 -1 -1 -1 -1 -1 -1 -1 -1 -1 -1 -1 -1 -1 -1 -1 -1 -1 -1 -1 -1 -1 -1 -1 113 -1 -1 -1 -1 -1 -1 -1 -1 -1 -1 -1 -1 -1 
-1 -1 -1 -1 -1 -1 -1 -1 -1 -1 -1 -1 -1 -1 -1 -1 -1 -1 -1 -1 -1 -1 -1 -1 -1 -1 -1 -1 -1 -1 -1 -1 -1 -1 -1 -1 3 -1 -1 -1 -1 -1 -1 -1 -1 -1 -1 -1 -1 -1 
-1 -1 -1 -1 -1 -1 -1 -1 -1 -1 -1 -1 -1 -1 -1 -1 -1 -1 -1 -1 -1 -1 -1 -1 -1 -1 -1 -1 -1 -1 -1 -1 -1 -1 -1 -1 57 -1 -1 -1 -1 -1 -1 -1 -1 -1 -1 -1 -1 -1 
-1 -1 -1 -1 -1 -1 -1 -1 -1 -1 -1 -1 -1 -1 -1 -1 -1 -1 -1 -1 -1 -1 -1 -1 -1 -1 -1 -1 -1 -1 -1 -1 -1 -1 -1 -1 -1 111 -1 -1 -1 -1 -1 -1 -1 -1 -1 -1 -1 -1 
-1 -1 -1 -1 -1 -1 -1 -1 -1 -1 -1 -1 -1 -1 -1 -1 -1 -1 -1 -1 -1 -1 -1 -1 -1 -1 -1 -1 -1 -1 -1 -1 -1 -1 -1 -1 -1 -1 1 24 57 124 76 64 110 27 -1 -1 -1 -1 
-1 -1 -1 -1 -1 -1 -1 -1 -1 -1 -1 -1 -1 -1 -1 -1 -1 -1 -1 -1 -1 -1 -1 -1 -1 -1 -1 -1 -1 -1 -1 -1 -1 -1 -1 -1 -1 -1 -1 -1 -1 -1 -1 -1 -1 -1 112 -1 -1 -1 
-1 -1 -1 -1 -1 -1 -1 -1 -1 -1 -1 -1 -1 -1 -1 -1 -1 -1 -1 -1 -1 -1 -1 -1 -1 -1 -1 -1 -1 -1 -1 -1 -1 -1 -1 -1 -1 -1 -1 -1 -1 -1 -1 -1 -1 -1 24 -1 -1 -1 
-1 -1 -1 -1 -1 -1 -1 -1 -1 -1 -1 -1 -1 -1 -1 -1 -1 -1 -1 -1 -1 -1 -1 -1 -1 -1 -1 -1 -1 -1 -1 -1 -1 -1 -1 -1 -1 -1 -1 -1 -1 -1 -1 -1 -1 -1 54 -1 -1 -1 
-1 -1 -1 -1 -1 -1 -1 -1 -1 -1 -1 -1 -1 -1 -1 -1 -1 -1 -1 -1 -1 -1 -1 -1 -1 -1 -1 -1 -1 -1 -1 -1 -1 -1 -1 -1 -1 -1 -1 -1 -1 -1 -1 -1 -1 -1 35 -1 -1 -1 
-1 -1 -1 -1 -1 -1 -1 -1 -1 -1 -1 -1 -1 -1 -1 -1 -1 -1 -1 -1 -1 -1 -1 -1 -1 -1 -1 -1 -1 -1 -1 -1 -1 -1 -1 -1 -1 -1 -1 -1 -1 -1 -1 -1 -1 -1 126 -1 -1 -1 
-1 -1 -1 -1 -1 -1 -1 -1 -1 -1 -1 -1 -1 -1 -1 -1 -1 -1 -1 -1 -1 -1 -1 -1 -1 -1 -1 -1 -1 -1 -1 -1 -1 -1 -1 -1 -1 -1 -1 -1 -1 -1 -1 -1 -1 -1 124 -1 -1 -1 
-1 -1 -1 -1 -1 -1 -1 -1 -1 -1 -1 -1 -1 -1 -1 -1 -1 -1 -1 -1 -1 -1 -1 -1 -1 -1 -1 -1 -1 -1 -1 -1 -1 -1 -1 -1 -1 -1 -1 -1 -1 -1 -1 -1 -1 -1 75 -1 -1 -1 
-1 -1 -1 -1 -1 -1 -1 -1 -1 -1 -1 -1 -1 -1 -1 -1 -1 -1 -1 -1 -1 -1 -1 -1 -1 -1 -1 -1 -1 -1 -1 -1 -1 -1 -1 -1 -1 -1 -1 -1 -1 -1 -1 -1 -1 -1 99 -1 -1 -1 
-1 -1 -1 -1 -1 -1 -1 -1 -1 -1 -1 -1 -1 -1 -1 -1 -1 -1 -1 -1 -1 -1 -1 -1 -1 -1 -1 -1 -1 -1 -1 -1 -1 -1 -1 -1 -1 -1 -1 -1 -1 -1 -1 -1 -1 -1 -1 78 -1 -1 
-1 -1 -1 -1 -1 -1 -1 -1 -1 -1 -1 -1 -1 -1 -1 -1 -1 -1 -1 -1 -1 -1 -1 -1 -1 -1 -1 -1 -1 -1 -1 -1 -1 -1 -1 -1 -1 -1 -1 -1 -1 -1 -1 -1 -1 -1 -1 -1 13 -1 
-1 -1 -1 -1 -1 -1 -1 -1 -1 -1 -1 -1 -1 -1 -1 -1 -1 -1 -1 -1 -1 -1 -1 -1 -1 -1 -1 -1 -1 -1 -1 -1 -1 -1 -1 -1 -1 -1 -1 -1 -1 -1 -1 -1 -1 -1 -1 -1 -1 38 
-1 -1 -1 -1 -1 -1 -1 -1 -1 -1 -1 -1 -1 -1 -1 -1 -1 -1 -1 -1 -1 -1 -1 -1 -1 -1 -1 -1 -1 -1 -1 -1 -1 -1 -1 -1 -1 -1 -1 -1 -1 -1 -1 -1 -1 -1 -1 -1 -1 -1 
