11 16
0 0 0 0 0 0 0 0 0 0 0 0 0 0 0 0 
51 91 79 91 71 34 14 38 49 38 16 99 19 85 82 53 
79 32 31 98 78 29 30 30 43 57 29 22 24 87 27 70 
35 66 16 91 32 72 56 76 46 97 26 19 92 58 95 18 
11 84 93 70 97 44 79 48 93 82 92 53 74 28 99 82 
80 67 40 78 63 33 76 37 36 66 13 12 83 16 43 43 
34 93 54 58 92 70 66 42 50 60 58 13 73 92 68 35 
10 11 86 14 72 83 27 76 94 38 71 41 49 76 43 10 
36 63 20 72 76 55 56 52 32 15 11 33 37 35 25 46 
39 97 23 20 90 61 62 55 31 80 22 35 77 99 39 82 
66 14 60 99 57 56 46 81 63 20 53 17 62 45 33 57 
-1 0 0 0 0 -1 -1 -1 -1 -1 -1 
-1 -1 -1 -1 -1 71 60 93 -1 -1 -1 
-1 -1 -1 -1 -1 86 -1 -1 -1 -1 -1 
-1 -1 -1 -1 -1 -1 17 -1 -1 -1 -1 
-1 -1 -1 -1 -1 -1 -1 51 -1 -1 -1 
-1 -1 -1 -1 -1 -1 -1 -1 70 42 -1 
-1 -1 -1 -1 -1 -1 -1 -1 67 -1 -1 
-1 -1 -1 -1 -1 -1 -1 -1 -1 33 -1 
-1 -1 -1 -1 -1 -1 -1 -1 -1 -1 83 
-1 -1 -1 -1 -1 -1 -1 -1 -1 -1 52 
-1 -1 -1 -1 -1 -1 -1 -1 -1 -1 -1 
