11 16
0 0 0 0 0 0 0 0 0 0 0 0 0 0 0 0 
15 39 88 55 82 72 59 99 56 32 84 49 63 36 74 79 
85 29 90 67 94 18 56 78 86 28 13 40 37 82 76 99 
13 47 37 69 36 44 20 95 42 99 23 53 78 26 15 88 
28 12 72 14 67 44 66 10 18 69 11 13 46 72 35 88 
63 64 47 30 66 84 82 96 12 43 44 19 14 36 78 47 
17 11 41 16 88 30 58 12 82 59 64 48 95 55 83 81 
87 50 43 51 84 70 70 13 73 18 32 84 42 88 34 87 
48 18 62 28 42 55 65 62 41 87 25 41 85 74 22 96 
17 13 77 17 62 79 59 45 56 36 36 52 32 75 76 24 
61 51 22 96 53 94 43 44 80 86 26 11 23 31 39 19 
-1 0 0 0 0 -1 -1 -1 -1 -1 -1 
-1 -1 -1 -1 -1 33 96 67 -1 -1 -1 
-1 -1 -1 -1 -1 11 -1 -1 -1 -1 -1 
-1 -1 -1 -1 -1 -1 50 -1 -1 -1 -1 
-1 -1 -1 -1 -1 -1 -1 75 -1 -1 -1 
-1 -1 -1 -1 -1 -1 -1 -1 42 28 -1 
-1 -1 -1 -1 -1 -1 -1 -1 59 -1 -1 
-1 -1 -1 -1 -1 -1 -1 -1 -1 76 -1 
-1 -1 -1 -1 -1 -1 -1 -1 -1 -1 90 
-1 -1 -1 -1 -1 -1 -1 -1 -1 -1 31 
-1 -1 -1 -1 -1 -1 -1 -1 -1 -1 -1 
