11 64
0 0 0 0 0 0 0 0 0 0 0 0 0 0 0 0 0 0 0 0 0 0 0 0 0 0 0 0 0 0 0 0 0 0 0 0 0 0 0 0 0 0 0 0 0 0 0 0 0 0 0 0 0 0 0 0 0 0 0 0 0 0 0 0 
91 55 54 65 53 98 95 98 67 23 86 52 62 51 12 30 83 38 85 76 94 12 17 61 74 27 53 40 65 94 60 25 83 88 17 18 71 74 44 92 90 91 80 69 75 13 45 19 16 42 11 53 47 33 49 13 46 99 52 51 76 66 14 70 
54 21 84 61 43 17 52 55 62 34 38 16 22 84 12 83 12 92 18 15 30 14 66 11 75 88 20 74 94 86 86 65 70 90 65 32 36 64 70 45 16 65 96 95 95 67 58 95 12 29 52 97 51 89 70 59 39 55 39 91 64 19 12 75 
29 55 34 26 19 50 17 66 86 56 12 38 93 74 23 62 44 37 82 10 57 85 23 21 91 68 90 51 79 29 11 17 30 92 82 30 68 90 96 41 31 44 13 19 41 71 88 61 86 53 74 26 47 58 99 47 13 62 69 90 11 35 11 26 
91 49 95 44 93 68 10 80 75 56 14 76 88 38 83 90 28 86 28 32 58 16 35 61 50 56 74 32 30 45 27 17 45 19 89 47 78 88 81 92 92 91 38 54 35 27 36 56 25 51 19 83 86 65 56 67 82 34 76 37 23 85 47 64 
73 84 12 54 32 82 16 22 48 11 55 54 94 73 93 71 60 71 24 96 49 72 35 28 35 65 14 88 12 94 24 80 76 99 25 81 46 16 41 26 25 41 95 75 71 27 91 23 65 92 30 65 93 57 60 71 85 75 45 59 27 12 57 48 
90 61 27 66 68 63 24 18 42 93 75 28 63 65 65 77 36 14 83 98 57 45 84 33 45 83 93 36 24 44 92 94 81 72 27 45 59 93 16 25 63 46 96 96 93 26 14 23 75 89 18 80 36 76 23 89 87 51 36 83 37 30 53 79 
53 37 10 25 42 18 81 78 84 21 88 32 92 62 87 47 91 88 19 44 18 17 86 46 24 61 41 64 44 13 74 38 32 97 29 44 74 52 10 72 78 66 50 85 85 25 28 98 86 65 40 91 21 93 84 95 52 86 63 92 27 48 58 61 
34 79 50 71 61 83 92 57 88 34 83 87 17 27 16 68 41 91 62 68 19 96 25 82 54 30 30 75 67 11 79 19 78 22 49 88 57 14 28 55 79 75 44 77 30 99 86 54 86 43 93 46 63 93 20 99 99 50 99 77 58 75 37 74 
44 32 53 28 45 60 73 92 30 80 74 88 57 68 43 25 15 28 65 28 20 98 86 83 43 89 48 91 58 16 10 99 53 17 89 40 71 84 62 29 14 40 78 37 61 78 77 46 40 53 81 36 82 62 54 17 22 79 24 40 98 51 30 52 
16 86 43 47 89 74 31 44 52 51 38 58 74 94 10 81 39 21 71 44 87 16 80 61 83 21 65 77 70 77 70 64 23 95 11 99 64 46 95 91 99 17 38 62 87 37 40 55 22 18 83 54 86 53 93 53 61 74 98 76 68 21 54 40 
-1 0 0 0 0 -1 -1 -1 -1 -1 -1 
-1 -1 -1 -1 -1 79 94 33 -1 -1 -1 
-1 -1 -1 -1 -1 88 -1 -1 -1 -1 -1 
-1 -1 -1 -1 -1 -1 80 -1 -1 -1 -1 
-1 -1 -1 -1 -1 -1 -1 35 -1 -1 -1 
-1 -1 -1 -1 -1 -1 -1 -1 85 44 -1 
-1 -1 -1 -1 -1 -1 -1 -1 85 -1 -1 
-1 -1 -1 -1 -1 -1 -1 -1 -1 20 -1 
-1 -1 -1 -1 -1 -1 -1 -1 -1 -1 95 
-1 -1 -1 -1 -1 -1 -1 -1 -1 -1 32 
-1 -1 -1 -1 -1 -1 -1 -1 -1 -1 -1 
