37 64
0.06 0.05 0.04 0.04 0.06 0.07 0.04 0.07 0.04 0.03 0.04 0.05 0.05 0.06 0.06 0.04 0.06 0.05 0.06 0.04 0.06 0.06 0.07 0.06 0.06 0.07 0.07 0.04 0.04 0.05 0.07 0.04 0.06 0.06 0.06 0.03 0.04 0.05 0.05 0.03 0.03 0.06 0.07 0.05 0.04 0.06 0.04 0.04 0.05 0.05 0.06 0.03 0.07 0.06 0.06 0.04 0.04 0.05 0.03 0.03 0.03 0.05 0.04 0.04
1.11 0.93 0.99 1.07 1.16 0.85 1.04 1.16 1.18 1.09 1.15 1.09 1.14 0.85 1.03 0.83 1.09 1.06 0.84 0.81 1.06 0.85 0.95 0.81 1.02 0.87 1.07 1.13 0.99 1.06 0.92 0.82 1.05 1.2 0.85 0.92 1.1 1.07 0.96 1.19 1.05 0.9 0.8 0.87 1.13 1.19 1.12 1.03 0.9 0.9 0.93 1.1 1.19 1.11 1.2 0.86 0.89 0.93 1.16 1.17 0.96 0.81 1.14 1.14
2.81 2.91 2.74 2.62 2.76 2.78 2.61 2.68 2.65 2.64 2.69 2.64 2.57 2.89 2.68 2.59 2.97 2.91 2.55 2.99 2.56 2.64 2.78 2.52 2.55 2.57 2.5 2.94 2.59 2.86 2.69 2.94 2.99 2.97 2.59 2.57 2.83 2.75 2.88 2.54 2.95 2.54 2.92 2.58 2.57 2.58 2.97 2.92 2.78 2.62 2.55 2.82 2.99 2.59 2.81 2.53 2.76 2.62 2.95 2.84 2.71 2.98 2.8 2.84
0.45 0.95 0.84 0.71 0.74 0.28 0.63 0.94 0.66 0.45 0.59 0.41 0.82 0.36 0.17 0.53 0.83 0.59 0.26 0.14 0.59 0.49 0.15 0.19 0.09 0.38 0.42 0.02 0.71 0.82 0.52 0.65 0.82 0.25 0.53 0.07 0.79 0.59 0.07 0.31 0.61 0.04 0.43 0.76 0.57 0.54 0.64 0.71 0.96 0.03 0.75 0.21 0.71 0.89 0.62 0.13 0.67 0.42 0.16 0.98 0.39 0.63 0.04 0.57
1.0 1.0 1.0 1.0 1.0 1.0 1.0 1.0 1.0 1.0 1.0 1.0 1.0 1.0 1.0 1.0 1.0 1.0 1.0 1.0 1.0 1.0 1.0 1.0 1.0 1.0 1.0 1.0 1.0 1.0 1.0 1.0 1.0 1.0 1.0 1.0 1.0 1.0 1.0 1.0 1.0 1.0 1.0 1.0 1.0 1.0 1.0 1.0 1.0 1.0 1.0 1.0 1.0 1.0 1.0 1.0 1.0 1.0 1.0 1.0 1.0 1.0 1.0 1.0
0 0 0 0 0 0 0 0 0 0 0 0 0 0 0 0 0 0 0 0 0 0 0 0 0 0 0 0 0 0 0 0 0 0 0 0 0 0 0 0 0 0 0 0 0 0 0 0 0 0 0 0 0 0 0 0 0 0 0 0 0 0 0 0
43 60 36 51 93 37 66 19 41 88 96 44 27 80 63 10 41 32 16 51 10 88 17 56 48 39 92 39 93 63 25 79 32 95 60 66 18 29 35 53 99 90 79 29 47 21 94 74 98 91 65 49 45 14 18 70 78 92 53 18 68 59 23 76
35 37 70 93 23 39 40 89 42 18 99 38 40 35 64 14 99 94 40 61 37 45 96 89 46 71 74 76 98 32 11 81 38 56 42 87 79 33 50 33 48 28 31 28 67 43 95 77 27 83 26 61 92 76 73 80 23 51 36 66 69 96 80 12
90 40 73 93 32 40 52 50 71 55 64 67 44 72 36 19 45 45 70 15 99 71 79 32 28 57 67 88 81 37 64 25 97 12 78 44 83 15 97 97 78 46 36 59 65 27 45 95 32 52 54 36 75 54 65 80 48 50 53 78 30 73 56 17
79 91 11 56 66 23 22 86 71 34 68 16 49 74 83 89 20 86 79 38 53 18 78 93 61 18 38 48 10 24 37 73 12 85 36 92 28 23 38 72 97 95 13 95 75 77 74 42 44 83 69 11 21 68 84 43 73 42 98 35 86 12 70 35
21 91 44 79 10 73 59 63 96 43 85 23 68 28 78 62 49 43 13 68 53 43 43 44 26 26 99 55 71 40 90 46 79 81 93 72 52 59 91 10 95 46 17 79 90 24 96 35 52 13 88 57 50 46 48 42 76 61 53 10 91 67 13 94
11 14 33 76 17 49 21 58 59 99 40 57 84 22 76 97 25 31 61 38 15 51 72 85 72 69 61 54 27 60 65 67 19 90 92 31 65 65 48 85 16 14 70 60 94 50 47 74 95 83 66 51 46 70 55 68 78 29 85 93 64 48 95 67
91 70 73 53 99 92 12 72 78 38 23 27 14 52 62 33 42 97 83 21 47 90 43 86 14 15 97 25 59 75 89 89 88 98 81 80 65 36 54 91 72 92 51 22 20 51 69 16 99 94 83 35 55 80 44 40 49 91 59 98 34 37 64 92
33 34 84 84 32 27 31 34 40 31 52 52 89 95 37 98 16 33 88 41 91 47 99 55 46 11 76 38 50 82 87 66 53 12 93 28 37 59 14 16 76 74 25 80 59 19 23 27 93 49 29 86 11 77 89 19 28 88 87 85 16 61 59 44
93 56 83 76 70 36 51 86 72 64 39 78 81 77 48 80 89 19 15 64 79 84 17 64 48 14 33 56 35 79 46 20 20 30 74 38 15 30 19 98 71 51 70 99 40 35 31 20 88 74 68 81 66 82 33 80 48 57 91 55 13 28 12 25
32 25 93 60 25 51 51 25 17 75 47 70 57 55 42 66 42 94 60 99 16 20 36 61 63 32 26 85 22 78 77 46 81 19 23 70 20 15 68 81 39 63 82 95 80 30 64 14 12 95 37 71 27 63 58 60 46 14 86 56 87 99 28 39
58 99 41 72 41 60 71 98 72 54 38 67 33 28 71 46 55 91 33 47 21 41 53 71 69 34 67 47 13 91 97 33 47 35 99 31 56 77 58 96 33 39 32 67 88 71 89 22 39 19 75 60 38 24 54 46 19 12 85 93 31 26 40 99
15 18 13 10 19 93 88 79 59 78 75 15 90 94 19 47 18 41 49 84 54 89 33 88 15 71 13 91 12 81 45 86 27 72 51 72 14 15 28 60 45 52 58 40 15 46 87 37 29 90 69 84 79 93 41 91 57 92 83 65 14 75 98 42
88 22 55 41 67 25 67 41 55 62 37 19 29 77 83 39 95 17 91 23 62 29 92 72 62 96 71 12 60 22 79 98 69 28 52 29 38 38 61 18 94 26 11 57 10 18 72 23 77 92 55 10 14 99 36 85 40 39 76 76 42 76 42 40
66 31 94 49 65 99 34 10 67 22 55 56 82 42 38 61 83 97 90 36 96 99 49 50 25 77 95 83 66 80 79 33 15 84 15 52 10 45 16 99 24 54 48 63 16 52 31 44 94 46 65 51 44 25 71 82 38 91 83 14 75 79 97 33
18 27 37 12 34 34 51 78 23 39 83 11 76 93 91 75 56 53 73 46 78 47 54 87 51 47 69 42 32 96 37 55 91 10 29 27 40 92 37 27 44 74 33 67 87 51 36 72 70 18 71 69 61 22 69 63 72 27 97 16 86 44 66 78
65 68 14 96 15 19 92 81 82 65 90 82 11 25 21 80 40 10 42 31 85 16 85 89 10 89 99 81 23 34 29 67 60 37 14 40 94 77 94 61 73 76 22 33 23 63 66 22 52 32 94 25 86 70 63 74 66 48 39 82 99 19 60 87
28 52 85 50 90 50 67 80 83 92 48 73 76 42 35 74 15 86 71 46 72 31 12 61 42 90 77 25 94 29 52 96 76 92 28 89 53 48 75 23 48 55 12 28 19 62 67 14 47 13 70 71 85 21 26 47 89 48 38 41 19 29 96 19
28 53 32 47 84 82 97 48 86 39 33 69 99 78 93 91 96 36 26 50 44 70 95 86 15 20 28 67 48 37 47 25 67 56 93 87 57 22 18 73 50 94 60 17 85 80 91 19 43 50 77 56 61 89 99 48 14 94 30 98 47 54 74 67
73 32 20 40 74 24 15 27 51 16 47 18 29 19 24 82 69 48 54 20 40 56 94 24 63 12 46 32 24 43 31 21 87 66 79 49 16 10 90 96 98 51 64 71 75 97 67 25 75 61 96 11 16 76 64 56 13 91 45 22 73 99 94 67
99 16 43 23 60 70 19 15 49 20 73 47 88 31 31 56 27 96 33 31 90 43 58 48 65 50 18 20 43 91 52 89 25 94 22 13 74 87 62 78 86 64 58 53 30 73 85 81 80 77 50 56 94 28 76 63 80 69 13 51 21 76 74 94
44 99 32 45 88 88 26 19 58 66 69 53 92 77 38 95 97 37 55 64 28 69 28 91 54 16 52 90 31 66 69 29 58 20 18 81 94 43 76 51 84 46 49 33 43 66 21 88 37 46 42 45 56 29 14 48 14 46 62 13 17 78 98 98
42 43 57 60 93 45 75 38 60 56 87 50 24 21 12 83 60 24 47 75 39 33 47 87 44 45 50 17 81 80 33 98 69 54 85 79 79 24 67 36 34 34 95 75 88 41 56 24 42 35 89 11 80 73 20 86 38 43 56 73 68 80 77 54
97 52 71 29 83 80 29 53 53 64 74 70 44 96 78 67 70 83 14 51 90 26 77 76 45 15 41 78 91 34 26 60 23 63 10 93 73 84 93 30 29 10 10 17 63 61 10 28 39 73 12 28 94 45 91 53 19 79 45 17 25 39 66 13
58 54 97 13 11 27 47 77 80 28 21 25 29 86 87 42 88 71 19 23 66 17 54 16 82 14 44 69 95 13 53 38 44 17 57 86 83 80 12 59 63 93 84 99 31 67 21 23 85 74 10 95 76 97 14 35 23 18 54 17 92 90 68 97
10 97 39 27 84 98 43 56 17 54 20 92 68 34 43 51 43 68 11 95 22 77 43 49 24 75 85 87 89 85 96 20 44 23 20 79 53 13 75 11 87 55 15 48 87 12 60 29 75 47 61 44 30 83 60 14 21 93 12 78 90 40 79 56
50 99 76 74 47 20 91 16 91 67 31 97 38 80 30 34 36 46 71 88 94 31 80 54 38 13 32 20 32 91 85 61 95 60 60 49 87 48 98 28 23 26 65 53 93 18 11 20 13 38 47 25 14 33 57 21 86 84 95 42 32 55 89 50
67 55 36 79 77 14 14 62 25 93 82 14 41 72 18 64 11 26 84 37 41 13 40 80 54 24 47 81 91 36 71 25 78 50 49 40 86 85 57 36 88 64 48 57 58 10 60 86 93 53 46 59 30 45 58 64 33 55 46 63 39 29 12 99
18 32 14 93 63 50 86 72 84 84 67 53 69 86 95 73 15 22 50 79 55 53 57 59 64 14 35 64 84 10 54 84 76 22 84 75 76 33 31 27 43 36 84 79 92 46 67 44 16 98 33 73 14 13 67 65 14 71 14 10 18 72 54 77
96 97 31 84 40 17 99 53 78 94 82 49 61 62 44 36 54 18 12 68 52 61 52 86 92 45 33 78 27 81 46 94 97 37 48 42 75 47 99 92 69 99 60 82 17 74 30 91 22 47 73 25 74 85 76 34 19 48 98 27 86 94 79 39
36 67 87 47 45 84 20 95 85 75 88 14 16 87 89 35 71 32 66 85 10 68 64 52 45 67 89 47 72 52 58 33 45 89 93 79 18 36 63 68 80 40 90 67 19 66 83 55 40 89 38 63 18 67 81 48 75 54 80 70 61 37 14 39
69 67 93 64 49 92 10 62 29 94 42 55 33 89 55 26 46 72 88 70 64 40 83 32 85 11 50 67 64 19 12 41 44 36 79 20 35 62 84 99 79 64 13 90 43 52 82 25 30 23 69 82 90 61 88 61 13 23 59 85 46 84 25 62
59 77 13 58 39 52 83 85 39 99 95 79 27 10 68 54 66 15 80 22 98 73 94 20 53 14 64 23 61 67 86 10 79 94 14 65 52 89 81 23 72 32 96 17 40 69 66 39 84 26 52 99 51 71 45 72 89 84 56 66 96 73 14 10
79 96 29 18 88 23 65 44 49 90 45 90 56 68 52 58 91 45 70 87 20 25 48 47 11 15 66 64 96 90 56 96 56 27 21 37 39 93 48 89 82 38 89 10 46 43 38 79 13 77 85 58 36 96 57 15 57 27 28 47 23 92 25 95
63 67 69 88 90 92 45 75 42 16 22 97 58 83 53 58 87 72 66 91 83 83 40 61 79 19 91 37 20 22 64 69 64 19 89 34 16 75 10 22 43 13 18 26 65 15 29 10 51 21 13 96 78 75 29 99 98 82 65 53 69 57 19 77
93 37 36 54 75 38 48 55 17 63 51 55 33 93 57 58 46 53 69 10 10 80 50 65 25 40 14 72 52 37 33 82 36 32 77 65 48 51 68 52 64 91 77 13 49 14 26 68 33 13 74 40 53 78 11 88 17 90 26 74 94 10 28 17
63 69 95 42 50 69 77 21 82 66 57 50 12 35 48 30 91 83 70 15 34 44 63 28 47 61 38 16 14 85 28 82 43 47 88 68 12 69 75 64 73 25 57 68 51 21 81 35 72 39 57 40 98 55 26 53 75 12 23 78 89 23 98 42
-1 0 0 0 0 0 0 0 0 -1 -1 -1 -1 -1 -1 -1 -1 -1 -1 -1 -1 -1 -1 -1 -1 -1 -1 -1 -1 -1 -1 -1 -1 -1 -1 -1 -1
-1 -1 -1 -1 -1 -1 -1 -1 -1 85 68 80 92 81 48 55 -1 -1 -1 -1 -1 -1 -1 -1 -1 -1 -1 -1 -1 -1 -1 -1 -1 -1 -1 -1 -1
-1 -1 -1 -1 -1 -1 -1 -1 -1 40 -1 -1 -1 -1 -1 -1 -1 -1 -1 -1 -1 -1 -1 -1 -1 -1 -1 -1 -1 -1 -1 -1 -1 -1 -1 -1 -1
-1 -1 -1 -1 -1 -1 -1 -1 -1 -1 98 -1 -1 -1 -1 -1 -1 -1 -1 -1 -1 -1 -1 -1 -1 -1 -1 -1 -1 -1 -1 -1 -1 -1 -1 -1 -1
-1 -1 -1 -1 -1 -1 -1 -1 -1 -1 -1 95 -1 -1 -1 -1 -1 -1 -1 -1 -1 -1 -1 -1 -1 -1 -1 -1 -1 -1 -1 -1 -1 -1 -1 -1 -1
-1 -1 -1 -1 -1 -1 -1 -1 -1 -1 -1 -1 75 -1 -1 -1 -1 -1 -1 -1 -1 -1 -1 -1 -1 -1 -1 -1 -1 -1 -1 -1 -1 -1 -1 -1 -1
-1 -1 -1 -1 -1 -1 -1 -1 -1 -1 -1 -1 -1 69 -1 -1 -1 -1 -1 -1 -1 -1 -1 -1 -1 -1 -1 -1 -1 -1 -1 -1 -1 -1 -1 -1 -1
-1 -1 -1 -1 -1 -1 -1 -1 -1 -1 -1 -1 -1 -1 30 -1 -1 -1 -1 -1 -1 -1 -1 -1 -1 -1 -1 -1 -1 -1 -1 -1 -1 -1 -1 -1 -1
-1 -1 -1 -1 -1 -1 -1 -1 -1 -1 -1 -1 -1 -1 -1 34 -1 -1 -1 -1 -1 -1 -1 -1 -1 -1 -1 -1 -1 -1 -1 -1 -1 -1 -1 -1 -1
-1 -1 -1 -1 -1 -1 -1 -1 -1 -1 -1 -1 -1 -1 -1 -1 98 18 17 79 26 38 -1 -1 -1 -1 -1 -1 -1 -1 -1 -1 -1 -1 -1 -1 -1
-1 -1 -1 -1 -1 -1 -1 -1 -1 -1 -1 -1 -1 -1 -1 -1 67 -1 -1 -1 -1 -1 -1 -1 -1 -1 -1 -1 -1 -1 -1 -1 -1 -1 -1 -1 -1
-1 -1 -1 -1 -1 -1 -1 -1 -1 -1 -1 -1 -1 -1 -1 -1 -1 14 -1 -1 -1 -1 -1 -1 -1 -1 -1 -1 -1 -1 -1 -1 -1 -1 -1 -1 -1
-1 -1 -1 -1 -1 -1 -1 -1 -1 -1 -1 -1 -1 -1 -1 -1 -1 -1 11 -1 -1 -1 -1 -1 -1 -1 -1 -1 -1 -1 -1 -1 -1 -1 -1 -1 -1
-1 -1 -1 -1 -1 -1 -1 -1 -1 -1 -1 -1 -1 -1 -1 -1 -1 -1 -1 52 -1 -1 -1 -1 -1 -1 -1 -1 -1 -1 -1 -1 -1 -1 -1 -1 -1
-1 -1 -1 -1 -1 -1 -1 -1 -1 -1 -1 -1 -1 -1 -1 -1 -1 -1 -1 -1 24 -1 -1 -1 -1 -1 -1 -1 -1 -1 -1 -1 -1 -1 -1 -1 -1
-1 -1 -1 -1 -1 -1 -1 -1 -1 -1 -1 -1 -1 -1 -1 -1 -1 -1 -1 -1 -1 19 -1 -1 -1 -1 -1 -1 -1 -1 -1 -1 -1 -1 -1 -1 -1
-1 -1 -1 -1 -1 -1 -1 -1 -1 -1 -1 -1 -1 -1 -1 -1 -1 -1 -1 -1 -1 -1 54 54 39 95 48 -1 -1 -1 -1 -1 -1 -1 -1 -1 -1
-1 -1 -1 -1 -1 -1 -1 -1 -1 -1 -1 -1 -1 -1 -1 -1 -1 -1 -1 -1 -1 -1 19 -1 -1 -1 -1 -1 -1 -1 -1 -1 -1 -1 -1 -1 -1
-1 -1 -1 -1 -1 -1 -1 -1 -1 -1 -1 -1 -1 -1 -1 -1 -1 -1 -1 -1 -1 -1 -1 97 -1 -1 -1 -1 -1 -1 -1 -1 -1 -1 -1 -1 -1
-1 -1 -1 -1 -1 -1 -1 -1 -1 -1 -1 -1 -1 -1 -1 -1 -1 -1 -1 -1 -1 -1 -1 -1 57 -1 -1 -1 -1 -1 -1 -1 -1 -1 -1 -1 -1
-1 -1 -1 -1 -1 -1 -1 -1 -1 -1 -1 -1 -1 -1 -1 -1 -1 -1 -1 -1 -1 -1 -1 -1 -1 29 -1 -1 -1 -1 -1 -1 -1 -1 -1 -1 -1
-1 -1 -1 -1 -1 -1 -1 -1 -1 -1 -1 -1 -1 -1 -1 -1 -1 -1 -1 -1 -1 -1 -1 -1 -1 -1 90 -1 -1 -1 -1 -1 -1 -1 -1 -1 -1
-1 -1 -1 -1 -1 -1 -1 -1 -1 -1 -1 -1 -1 -1 -1 -1 -1 -1 -1 -1 -1 -1 -1 -1 -1 -1 -1 68 13 38 16 -1 -1 -1 -1 -1 -1
-1 -1 -1 -1 -1 -1 -1 -1 -1 -1 -1 -1 -1 -1 -1 -1 -1 -1 -1 -1 -1 -1 -1 -1 -1 -1 -1 24 -1 -1 -1 -1 -1 -1 -1 -1 -1
-1 -1 -1 -1 -1 -1 -1 -1 -1 -1 -1 -1 -1 -1 -1 -1 -1 -1 -1 -1 -1 -1 -1 -1 -1 -1 -1 -1 31 -1 -1 -1 -1 -1 -1 -1 -1
-1 -1 -1 -1 -1 -1 -1 -1 -1 -1 -1 -1 -1 -1 -1 -1 -1 -1 -1 -1 -1 -1 -1 -1 -1 -1 -1 -1 -1 80 -1 -1 -1 -1 -1 -1 -1
-1 -1 -1 -1 -1 -1 -1 -1 -1 -1 -1 -1 -1 -1 -1 -1 -1 -1 -1 -1 -1 -1 -1 -1 -1 -1 -1 -1 -1 -1 32 -1 -1 -1 -1 -1 -1
-1 -1 -1 -1 -1 -1 -1 -1 -1 -1 -1 -1 -1 -1 -1 -1 -1 -1 -1 -1 -1 -1 -1 -1 -1 -1 -1 -1 -1 -1 -1 14 41 31 -1 -1 -1
-1 -1 -1 -1 -1 -1 -1 -1 -1 -1 -1 -1 -1 -1 -1 -1 -1 -1 -1 -1 -1 -1 -1 -1 -1 -1 -1 -1 -1 -1 -1 44 -1 -1 -1 -1 -1
-1 -1 -1 -1 -1 -1 -1 -1 -1 -1 -1 -1 -1 -1 -1 -1 -1 -1 -1 -1 -1 -1 -1 -1 -1 -1 -1 -1 -1 -1 -1 -1 50 -1 -1 -1 -1
-1 -1 -1 -1 -1 -1 -1 -1 -1 -1 -1 -1 -1 -1 -1 -1 -1 -1 -1 -1 -1 -1 -1 -1 -1 -1 -1 -1 -1 -1 -1 -1 -1 38 -1 -1 -1
-1 -1 -1 -1 -1 -1 -1 -1 -1 -1 -1 -1 -1 -1 -1 -1 -1 -1 -1 -1 -1 -1 -1 -1 -1 -1 -1 -1 -1 -1 -1 -1 -1 -1 46 45 -1
-1 -1 -1 -1 -1 -1 -1 -1 -1 -1 -1 -1 -1 -1 -1 -1 -1 -1 -1 -1 -1 -1 -1 -1 -1 -1 -1 -1 -1 -1 -1 -1 -1 -1 40 -1 -1
-1 -1 -1 -1 -1 -1 -1 -1 -1 -1 -1 -1 -1 -1 -1 -1 -1 -1 -1 -1 -1 -1 -1 -1 -1 -1 -1 -1 -1 -1 -1 -1 -1 -1 -1 57 -1
-1 -1 -1 -1 -1 -1 -1 -1 -1 -1 -1 -1 -1 -1 -1 -1 -1 -1 -1 -1 -1 -1 -1 -1 -1 -1 -1 -1 -1 -1 -1 -1 -1 -1 -1 -1 68
-1 -1 -1 -1 -1 -1 -1 -1 -1 -1 -1 -1 -1 -1 -1 -1 -1 -1 -1 -1 -1 -1 -1 -1 -1 -1 -1 -1 -1 -1 -1 -1 -1 -1 -1 -1 24
-1 -1 -1 -1 -1 -1 -1 -1 -1 -1 -1 -1 -1 -1 -1 -1 -1 -1 -1 -1 -1 -1 -1 -1 -1 -1 -1 -1 -1 -1 -1 -1 -1 -1 -1 -1 -1
