50 64
0.274 0.329 0.278 0.31 0.344 0.246 0.364 0.103 0.096 0.275 0.361 0.364 0.264 0.37 0.303 0.251 0.31 0.216 0.336 0.33 0.202 0.246 0.365 0.13 0.273 0.201 0.13 0.326 0.262 0.239 0.141 0.131 0.187 0.301 0.347 0.151 0.142 0.33 0.135 0.143 0.2 0.115 0.102 0.369 0.366 0.286 0.239 0.296 0.121 0.17 0.245 0.205 0.321 0.229 0.216 0.19 0.311 0.227 0.135 0.168 0.372 0.157 0.205 0.178 
0.04 0.044 0.046 0.047 0.038 0.038 0.035 0.064 0.051 0.065 0.069 0.034 0.048 0.059 0.049 0.056 0.066 0.066 0.059 0.069 0.042 0.044 0.058 0.039 0.03 0.041 0.057 0.066 0.03 0.044 0.069 0.041 0.06 0.047 0.06 0.068 0.055 0.066 0.063 0.037 0.06 0.061 0.042 0.037 0.051 0.063 0.065 0.049 0.059 0.055 0.047 0.03 0.07 0.034 0.041 0.031 0.047 0.07 0.069 0.047 0.043 0.067 0.06 0.032 
1.187 0.899 0.823 1.175 0.839 1.136 1.173 1.104 0.98 0.847 1.189 1.015 0.989 1.035 1.133 0.88 0.81 1.19 0.832 0.975 0.838 0.93 0.828 0.887 0.996 0.927 1.104 1.116 1.066 0.939 1.05 1.125 1.111 1.073 1.099 1.15 1.082 1.072 1.126 0.934 1.192 1.115 1.149 1.053 1.022 1.082 1.133 1.105 1.144 1.165 0.88 1.183 0.968 0.908 0.869 0.836 1.109 1.173 1.152 0.974 0.985 1.074 0.898 0.895 
2.529 2.9 2.86 2.896 2.53 2.975 2.527 2.525 2.56 2.745 2.688 2.878 2.6 2.934 2.52 2.678 2.649 2.703 2.537 2.904 2.883 2.789 2.965 2.53 2.898 2.875 2.983 2.747 2.668 2.874 2.956 2.944 2.773 2.561 2.585 2.549 2.536 2.612 2.574 2.843 2.857 2.762 2.721 2.958 2.943 2.988 2.882 2.591 2.69 2.919 2.741 2.819 2.954 2.952 2.85 2.597 2.572 2.832 2.844 2.987 2.705 2.546 2.676 2.724 
0.207 0.298 0.61 0.934 0.737 0.262 0.715 0.642 0.3 0.747 0.492 0.899 0.018 0.772 0.511 0.754 0.19 0.231 0.047 0.093 0.56 0.845 0.416 0.297 0.815 0.785 0.749 0.55 0.495 0.218 0.016 0.601 0.506 0.524 0.452 0.253 0.776 0.176 0.793 0.086 0.821 0.202 0.883 0.829 0.964 0.312 0.592 0.071 0.533 0.538 0.154 0.011 0.392 0.468 0.206 0.124 0.263 0.945 0.573 0.656 0.172 0.487 0.266 0.669 
1 1 1 1 1 1 1 1 1 1 1 1 1 1 1 1 1 1 1 1 1 1 1 1 1 1 1 1 1 1 1 1 1 1 1 1 1 1 1 1 1 1 1 1 1 1 1 1 1 1 1 1 1 1 1 1 1 1 1 1 1 1 1 1 
18 124 105 2 65 63 33 65 122 49 66 42 125 103 82 46 99 110 126 44 119 67 123 121 63 23 3 30 89 100 57 106 95 33 107 31 95 11 95 88 60 33 1 56 7 82 101 105 63 98 20 53 36 14 45 99 36 48 128 124 19 56 102 113 
88 80 15 54 91 110 13 22 14 13 77 20 94 50 124 28 19 15 81 55 29 125 25 64 44 24 60 62 79 33 46 38 112 61 91 74 42 103 95 55 115 44 74 80 93 69 107 111 83 59 37 111 56 61 47 99 84 106 33 34 10 78 71 121 
10 33 67 51 7 33 105 121 76 50 72 40 118 51 23 73 109 59 55 36 120 101 7 75 78 39 109 87 116 51 80 126 84 18 48 90 50 25 83 126 74 26 37 64 76 59 8 57 118 62 92 109 35 98 55 112 8 35 71 124 86 22 121 41 
39 40 2 88 64 84 85 10 110 122 73 57 52 80 113 41 13 77 21 47 46 76 31 54 110 101 49 67 122 41 107 32 80 109 119 16 64 76 25 45 69 97 102 120 48 86 33 60 34 53 107 80 128 9 5 110 109 53 48 102 93 27 5 44 
7 123 59 70 70 83 115 10 51 88 2 98 45 34 30 79 86 8 30 86 16 34 67 124 86 114 97 50 12 101 93 18 95 24 88 37 106 74 46 29 33 47 126 77 80 27 27 38 34 56 123 49 89 61 44 46 46 12 95 58 112 60 75 79 
83 34 115 60 107 32 88 11 79 86 88 30 112 114 67 18 42 61 66 2 121 110 48 39 121 14 96 105 73 42 55 27 76 41 87 54 72 46 65 22 3 24 52 115 9 118 4 50 51 69 52 43 50 99 81 43 112 48 19 57 90 73 83 37 
113 41 90 56 87 26 78 89 49 1 75 58 118 78 107 40 19 30 83 68 128 35 110 112 83 128 40 44 72 122 80 56 35 41 112 121 67 61 81 115 61 28 44 50 105 23 90 123 52 44 63 52 78 44 35 32 44 74 75 115 67 26 43 101 
67 26 93 5 86 46 119 18 73 35 67 49 57 28 44 108 71 106 31 21 21 65 52 64 10 127 51 77 24 93 49 90 118 14 94 75 59 85 92 3 119 30 51 47 58 94 26 128 71 57 20 92 121 72 27 3 70 77 79 93 41 127 55 30 
12 20 104 70 104 67 72 94 97 123 12 26 88 38 25 31 94 45 122 86 116 20 88 57 97 38 21 9 37 75 39 48 95 14 118 70 81 61 36 49 55 47 74 15 84 98 45 49 14 38 7 1 57 94 57 25 4 78 34 40 24 72 87 118 
85 76 60 37 9 95 85 63 13 30 77 97 128 121 17 13 30 23 14 87 117 70 111 120 19 16 31 43 87 117 32 44 65 91 80 73 57 37 7 70 66 84 38 65 76 54 78 106 77 91 64 65 32 46 56 51 62 86 93 20 74 124 63 10 
87 15 82 15 51 89 84 116 44 121 53 119 47 2 96 123 92 31 59 123 77 114 45 10 71 9 29 16 5 92 26 91 106 107 105 28 67 61 15 110 53 67 101 99 68 68 93 31 99 23 26 47 8 70 56 78 79 84 94 83 47 119 45 24 
97 21 51 36 81 66 17 6 4 117 104 72 57 69 102 27 91 127 73 99 69 128 48 19 83 13 101 2 3 17 25 100 37 76 7 118 13 23 123 16 12 98 87 68 38 61 94 1 59 38 99 127 37 18 17 119 31 117 120 33 5 17 4 42 
92 10 31 104 33 25 119 44 122 78 111 32 10 76 32 68 113 2 67 21 19 83 11 49 72 3 82 76 19 85 117 110 95 19 85 127 43 75 42 37 24 24 68 33 99 99 101 83 100 39 103 118 121 113 39 64 115 120 12 5 76 128 114 42 
19 70 40 61 17 81 97 40 104 36 73 74 6 45 28 105 83 2 95 75 115 5 11 101 124 22 106 71 21 91 113 39 33 24 100 49 105 68 88 80 104 32 26 109 76 53 86 30 55 52 105 41 56 115 13 51 8 118 121 28 81 105 67 113 
1 38 33 105 105 120 56 80 24 81 61 99 6 18 1 60 69 105 100 124 91 112 46 98 102 38 125 54 15 63 38 15 100 70 119 77 61 46 28 84 127 88 55 4 105 55 63 45 31 34 40 121 17 85 90 118 123 86 43 9 21 80 23 120 
21 13 68 82 58 96 37 56 55 91 59 32 17 121 76 47 26 116 39 43 72 128 32 66 86 75 74 106 26 96 97 47 108 37 128 38 4 36 93 58 127 24 89 15 16 37 62 42 24 100 84 95 100 115 33 57 61 106 34 87 74 2 5 53 
38 4 90 41 39 55 99 37 78 59 52 93 95 113 6 118 84 89 85 55 76 117 111 8 94 16 94 39 18 98 92 55 101 53 96 12 107 66 48 56 124 99 21 91 83 26 80 39 115 36 93 62 24 76 69 118 91 35 28 108 4 119 35 105 
44 2 116 22 67 35 78 62 6 98 24 88 123 104 126 109 11 91 42 35 38 111 24 128 17 51 108 20 42 14 124 85 15 111 106 81 18 55 14 23 24 38 110 19 13 108 127 23 70 41 57 107 23 80 106 39 3 85 58 44 98 54 128 112 
36 105 64 53 32 78 75 55 115 57 73 127 36 72 21 105 112 78 83 6 29 60 44 31 17 101 74 114 26 73 98 62 50 33 114 81 110 61 7 96 117 80 94 24 23 115 128 6 64 82 11 92 13 54 123 29 26 68 15 52 13 112 113 62 
16 98 14 126 30 20 93 18 99 59 41 121 45 40 126 108 121 8 71 6 61 65 34 87 5 48 10 17 31 122 78 47 91 91 44 121 110 8 10 81 66 51 73 110 90 71 89 83 78 32 88 11 96 121 97 100 41 106 116 71 99 65 117 61 
27 32 53 9 40 63 89 105 113 33 87 74 103 47 28 53 78 115 63 46 108 31 17 20 8 5 90 106 69 79 38 96 110 91 104 21 25 64 126 9 96 84 82 71 2 110 123 80 96 57 125 75 87 13 94 94 17 56 71 86 6 108 53 115 
70 28 8 94 91 5 102 58 88 56 128 89 37 122 40 4 50 36 79 8 49 44 101 65 99 43 22 104 23 74 91 92 101 98 58 63 102 31 121 61 86 120 21 122 114 61 126 35 96 76 43 16 119 15 81 90 58 102 65 80 48 27 43 20 
124 100 83 97 3 75 29 88 66 50 82 51 110 79 86 77 26 128 93 16 14 45 105 71 18 42 22 65 68 65 85 64 36 39 32 38 113 61 126 50 110 79 101 91 29 58 39 54 57 3 69 70 47 46 13 65 87 34 1 26 98 85 89 6 
123 121 43 107 53 40 29 34 118 1 124 18 58 34 71 114 37 12 55 83 57 67 19 15 101 20 40 70 104 1 75 99 121 118 77 45 29 105 78 19 105 73 36 34 106 107 19 14 118 74 97 46 12 115 60 112 6 99 54 110 99 128 80 91 
117 28 7 18 5 84 36 109 28 71 15 6 49 33 19 38 106 115 83 118 102 14 101 107 113 26 88 83 26 39 46 14 67 52 31 71 8 66 51 35 9 65 40 57 98 59 95 75 45 49 64 18 63 37 125 47 62 84 1 87 123 46 101 61 
98 3 3 105 69 53 11 77 118 51 5 87 109 99 33 25 20 97 43 82 5 39 128 66 122 128 25 116 46 125 48 15 127 50 119 67 103 1 15 92 51 20 50 31 118 82 56 9 50 98 90 54 8 89 120 1 89 16 117 6 12 36 20 10 
86 10 77 60 10 91 23 61 110 72 91 100 25 18 108 75 115 70 128 122 30 119 123 118 6 111 123 17 18 14 27 103 23 103 34 33 65 56 93 47 127 55 18 24 73 125 98 59 66 97 53 96 88 47 85 93 29 80 110 46 93 8 21 116 
110 54 20 46 110 112 92 108 38 109 3 110 106 100 41 43 69 93 10 28 11 95 120 39 46 101 84 10 108 104 125 89 30 16 7 11 127 98 118 37 79 121 18 56 92 58 98 32 22 108 59 32 74 51 70 119 23 26 128 3 1 125 91 30 
12 97 40 11 67 30 47 17 22 64 72 113 122 41 17 15 20 75 47 93 125 116 83 20 13 83 22 14 79 112 43 90 81 83 100 19 112 18 35 5 82 106 117 75 18 5 89 38 80 7 2 76 123 85 95 7 39 116 20 117 100 63 78 52 
17 50 70 128 67 104 4 20 81 120 94 98 125 55 7 76 61 9 23 55 93 118 62 3 105 81 119 76 15 68 127 31 117 68 30 56 43 33 75 123 25 41 93 21 95 99 96 27 107 118 82 71 107 15 73 84 95 63 31 110 3 30 12 119 
97 42 46 12 74 121 6 98 33 98 118 127 69 85 25 47 75 106 118 53 120 62 8 87 125 39 68 127 68 79 117 36 120 35 47 66 27 53 35 59 22 25 57 90 109 81 9 55 59 126 108 50 59 115 8 55 25 75 53 92 26 42 128 17 
76 46 82 102 98 117 32 120 13 88 81 121 40 89 48 98 86 27 20 17 13 27 71 38 102 124 1 127 37 128 15 112 46 97 85 15 85 116 6 97 75 87 89 114 47 8 84 5 34 103 21 47 1 91 84 102 86 84 100 122 84 115 105 1 
83 61 15 39 48 21 7 122 107 95 108 25 103 63 29 8 37 49 54 37 12 9 11 97 93 110 91 48 96 67 48 50 128 62 88 47 82 94 41 60 61 20 85 35 82 113 42 118 34 96 26 45 104 36 13 68 18 103 115 113 42 34 35 41 
96 122 87 49 88 127 109 20 18 65 54 99 49 95 88 82 62 114 126 38 21 11 105 38 113 92 23 26 125 57 66 92 50 25 13 9 23 121 28 41 57 81 11 105 48 99 59 109 84 56 18 104 66 123 14 51 86 36 76 82 92 14 46 13 
38 58 22 60 50 49 100 106 2 111 82 49 81 12 29 36 68 47 11 5 41 24 55 126 59 3 79 22 16 124 35 53 53 56 112 102 104 84 79 105 66 33 25 18 44 54 53 111 100 63 116 12 87 42 9 17 44 87 39 59 83 73 111 7 
128 95 109 103 50 59 80 115 91 104 4 7 29 56 117 128 118 104 11 76 18 19 93 61 106 3 120 60 75 102 66 74 68 46 48 117 105 127 103 67 103 106 73 3 33 62 3 23 37 13 98 54 32 62 115 9 64 106 68 10 79 5 83 19 
51 3 7 27 1 110 93 103 87 38 106 120 99 108 14 7 120 111 61 23 45 47 31 108 24 98 118 102 103 72 120 25 74 127 51 75 108 15 49 66 52 26 57 22 5 70 29 125 53 89 19 97 7 50 76 30 19 65 3 121 9 123 17 82 
121 67 28 100 82 77 37 5 102 94 27 107 35 55 103 87 15 121 55 21 42 3 50 61 67 52 53 75 46 70 29 38 8 56 9 89 4 46 94 106 11 120 84 45 46 58 4 60 50 58 80 92 60 1 24 127 52 76 73 98 17 101 7 25 
29 16 113 32 61 78 9 71 69 92 115 114 21 118 45 71 48 124 34 107 124 57 105 48 4 50 17 21 22 23 45 50 38 29 82 98 107 90 40 47 54 27 33 74 16 77 16 63 73 49 42 68 105 18 115 109 67 3 1 89 26 45 10 63 
73 91 33 51 53 72 98 106 98 2 51 114 78 67 48 22 115 89 90 92 107 76 72 45 79 72 5 104 116 15 38 60 105 70 111 29 14 80 6 111 81 57 96 30 123 16 52 109 104 13 72 82 88 15 127 38 86 3 13 73 17 51 5 122 
120 115 22 5 66 28 116 18 84 83 47 78 98 98 58 74 110 2 27 70 16 25 107 102 28 120 46 44 42 50 37 33 36 59 38 101 86 25 118 41 107 37 118 77 6 47 22 116 48 48 57 64 73 35 37 100 26 82 15 67 4 52 100 39 
110 9 12 67 33 1 107 11 37 96 87 43 14 108 30 62 28 86 125 100 120 33 71 18 114 85 84 117 8 55 28 117 63 39 55 95 39 33 106 76 128 64 118 14 44 19 75 71 104 71 42 95 103 112 112 88 68 68 77 76 122 104 64 57 
14 119 23 52 23 128 127 23 64 116 36 107 6 110 49 109 52 90 76 26 73 59 113 12 126 61 87 120 36 23 48 49 13 70 101 35 70 99 57 5 87 92 111 92 73 31 73 124 120 20 21 64 78 6 75 76 66 34 67 102 56 114 22 68 
55 122 102 124 93 31 128 51 122 110 14 67 12 86 62 3 105 83 66 55 88 13 2 25 46 68 126 101 53 20 40 107 13 13 103 105 43 102 27 37 84 41 103 95 126 36 98 103 118 35 29 77 47 30 102 92 97 99 64 21 118 103 127 3 
116 101 107 30 75 6 66 30 46 40 124 43 76 93 17 65 128 45 14 46 74 115 10 42 85 73 62 75 48 61 77 35 33 55 64 107 60 2 8 105 41 4 20 116 96 36 53 95 81 66 13 26 52 22 68 8 94 1 82 13 61 30 47 94 
85 111 72 16 112 80 121 24 83 12 12 50 47 64 17 127 1 29 25 52 50 92 59 15 92 13 28 25 42 74 118 126 56 61 14 39 12 6 63 94 17 74 16 63 9 32 62 9 60 86 60 109 49 118 123 12 2 22 36 44 96 25 41 23 
86 54 62 97 59 124 63 75 69 78 10 77 109 71 85 40 28 16 20 76 5 14 87 7 36 123 50 3 19 90 25 104 16 86 73 74 81 7 21 21 84 30 97 64 100 53 103 127 68 122 74 73 7 32 79 42 26 128 44 45 89 69 20 104 
26 92 50 107 98 70 127 53 99 96 116 70 20 90 68 88 83 13 32 90 44 110 3 70 109 47 114 69 115 5 45 12 97 94 118 66 35 117 119 5 84 106 74 103 68 13 62 22 25 93 111 68 74 114 9 54 32 122 123 18 127 39 29 95 
4 19 32 38 7 22 42 90 128 115 64 67 127 126 88 23 90 71 90 36 56 99 89 87 92 83 104 90 121 4 56 124 22 88 33 28 109 74 117 108 60 53 46 58 50 6 80 11 76 42 46 3 12 7 89 103 89 64 65 82 67 120 77 89 
79 110 116 60 55 105 39 115 29 85 44 78 90 124 88 37 37 6 39 48 12 127 22 100 62 86 53 128 78 2 88 28 111 76 87 37 52 126 23 80 82 67 29 43 62 116 79 98 121 117 17 4 115 38 104 48 124 28 47 73 29 7 100 11 
-1 -1 -1 -1 -1 -1 -1 -1 82 59 48 5 -1 -1 -1 -1 -1 56 -1 -1 -1 -1 70 -1 -1 -1 84 -1 -1 -1 -1 -1 -1 -1 -1 -1 -1 -1 9 -1 -1 -1 -1 -1 -1 -1 -1 -1 -1 -1 
-1 -1 -1 -1 -1 -1 -1 -1 -1 8 -1 -1 112 51 69 99 -1 -1 1 -1 -1 -1 -1 38 -1 -1 -1 -1 -1 -1 -1 -1 -1 92 -1 -1 -1 -1 -1 117 -1 -1 -1 -1 -1 -1 -1 -1 -1 -1 
-1 -1 -1 -1 -1 -1 -1 -1 -1 -1 -1 -1 54 -1 -1 95 103 -1 -1 -1 -1 -1 -1 -1 92 -1 -1 -1 -1 70 -1 -1 -1 -1 22 -1 -1 -1 -1 -1 87 -1 -1 -1 -1 -1 -1 -1 -1 -1 
-1 -1 -1 -1 -1 -1 -1 -1 -1 -1 -1 -1 -1 -1 -1 -1 -1 98 68 31 126 74 -1 -1 -1 -1 -1 2 -1 -1 9 -1 -1 -1 -1 -1 -1 -1 -1 -1 -1 27 -1 -1 -1 -1 -1 -1 -1 -1 
-1 -1 -1 -1 -1 -1 -1 -1 -1 -1 -1 -1 -1 -1 -1 -1 -1 -1 -1 60 -1 -1 56 31 115 125 -1 -1 -1 -1 -1 -1 -1 -1 -1 114 -1 -1 -1 -1 -1 -1 123 -1 -1 -1 -1 -1 -1 -1 
-1 -1 -1 -1 -1 -1 -1 -1 -1 -1 5 -1 -1 97 -1 -1 45 -1 -1 -1 73 -1 -1 -1 -1 -1 68 45 111 -1 -1 31 -1 -1 -1 -1 -1 -1 -1 -1 -1 -1 -1 33 -1 -1 -1 -1 -1 -1 
-1 -1 -1 -1 -1 -1 -1 -1 -1 -1 -1 -1 -1 -1 -1 -1 -1 -1 -1 -1 -1 36 -1 -1 -1 125 -1 -1 -1 7 127 67 28 -1 -1 -1 -1 -1 -1 -1 -1 -1 -1 -1 85 -1 -1 -1 -1 -1 
-1 -1 -1 -1 -1 -1 -1 -1 -1 -1 -1 36 -1 -1 96 -1 -1 -1 -1 -1 -1 -1 -1 -1 -1 -1 -1 -1 115 -1 -1 -1 33 41 117 41 -1 -1 -1 -1 -1 -1 -1 -1 -1 68 -1 -1 -1 -1 
-1 -1 -1 -1 -1 -1 -1 -1 -1 -1 -1 -1 -1 -1 -1 -1 -1 -1 -1 -1 -1 -1 -1 -1 -1 -1 -1 -1 -1 -1 -1 -1 -1 -1 -1 -1 48 -1 -1 -1 -1 -1 -1 -1 -1 -1 -1 -1 -1 -1 
-1 -1 -1 -1 -1 -1 -1 -1 -1 -1 -1 -1 -1 -1 -1 -1 -1 -1 -1 -1 -1 -1 -1 -1 -1 -1 -1 -1 -1 -1 -1 -1 -1 -1 -1 -1 96 -1 -1 -1 -1 -1 -1 -1 -1 -1 -1 -1 -1 -1 
-1 -1 -1 -1 -1 -1 -1 -1 -1 -1 -1 -1 -1 -1 -1 -1 -1 -1 -1 -1 -1 -1 -1 -1 -1 -1 -1 -1 -1 -1 -1 -1 -1 -1 -1 -1 98 -1 -1 -1 -1 -1 -1 -1 -1 -1 -1 -1 -1 -1 
-1 -1 -1 -1 -1 -1 -1 -1 -1 -1 -1 -1 -1 -1 -1 -1 -1 -1 -1 -1 -1 -1 -1 -1 -1 -1 -1 -1 -1 -1 -1 -1 -1 -1 -1 -1 35 -1 -1 -1 -1 -1 -1 -1 -1 -1 -1 -1 -1 -1 
-1 -1 -1 -1 -1 -1 -1 -1 -1 -1 -1 -1 -1 -1 -1 -1 -1 -1 -1 -1 -1 -1 -1 -1 -1 -1 -1 -1 -1 -1 -1 -1 -1 -1 -1 -1 93 -1 -1 -1 -1 -1 -1 -1 -1 -1 -1 -1 -1 -1 
-1 -1 -1 -1 -1 -1 -1 -1 -1 -1 -1 -1 -1 -1 -1 -1 -1 -1 -1 -1 -1 -1 -1 -1 -1 -1 -1 -1 -1 -1 -1 -1 -1 -1 -1 -1 84 -1 -1 -1 -1 -1 -1 -1 -1 -1 -1 -1 -1 -1 
-1 -1 -1 -1 -1 -1 -1 -1 -1 -1 -1 -1 -1 -1 -1 -1 -1 -1 -1 -1 -1 -1 -1 -1 -1 -1 -1 -1 -1 -1 -1 -1 -1 -1 -1 -1 29 -1 -1 -1 -1 -1 -1 -1 -1 -1 -1 -1 -1 -1 
-1 -1 -1 -1 -1 -1 -1 -1 -1 -1 -1 -1 -1 -1 -1 -1 -1 -1 -1 -1 -1 -1 -1 -1 -1 -1 -1 -1 -1 -1 -1 -1 -1 -1 -1 -1 97 -1 -1 -1 -1 -1 -1 -1 -1 -1 -1 -1 -1 -1 
-1 -1 -1 -1 -1 -1 -1 -1 -1 -1 -1 -1 -1 -1 -1 -1 -1 -1 -1 -1 -1 -1 -1 -1 -1 -1 -1 -1 -1 -1 -1 -1 -1 -1 -1 -1 52 -1 -1 -1 -1 -1 -1 -1 -1 -1 -1 -1 -1 -1 
-1 -1 -1 -1 -1 -1 -1 -1 -1 -1 -1 -1 -1 -1 -1 -1 -1 -1 -1 -1 -1 -1 -1 -1 -1 -1 -1 -1 -1 -1 -1 -1 -1 -1 -1 -1 74 -1 -1 -1 -1 -1 -1 -1 -1 -1 -1 -1 -1 -1 
-1 -1 -1 -1 -1 -1 -1 -1 -1 -1 -1 -1 -1 -1 -1 -1 -1 -1 -1 -1 -1 -1 -1 -1 -1 -1 -1 -1 -1 -1 -1 -1 -1 -1 -1 -1 41 -1 -1 -1 -1 -1 -1 -1 -1 -1 -1 -1 -1 -1 
-1 -1 -1 -1 -1 -1 -1 -1 -1 -1 -1 -1 -1 -1 -1 -1 -1 -1 -1 -1 -1 -1 -1 -1 -1 -1 -1 -1 -1 -1 -1 -1 -1 -1 -1 -1 119 -1 -1 -1 -1 -1 -1 -1 -1 -1 -1 -1 -1 -1 
-1 -1 -1 -1 -1 -1 -1 -1 -1 -1 -1 -1 -1 -1 -1 -1 -1 -1 -1 -1 -1 -1 -1 -1 -1 -1 -1 -1 -1 -1 -1 -1 -1 -1 -1 -1 118 -1 -1 -1 -1 -1 -1 -1 -1 -1 -1 -1 -1 -1 
-1 -1 -1 -1 -1 -1 -1 -1 -1 -1 -1 -1 -1 -1 -1 -1 -1 -1 -1 -1 -1 -1 -1 -1 -1 -1 -1 -1 -1 -1 -1 -1 -1 -1 -1 -1 23 -1 -1 -1 -1 -1 -1 -1 -1 -1 -1 -1 -1 -1 
-1 -1 -1 -1 -1 -1 -1 -1 -1 -1 -1 -1 -1 -1 -1 -1 -1 -1 -1 -1 -1 -1 -1 -1 -1 -1 -1 -1 -1 -1 -1 -1 -1 -1 -1 -1 21 -1 -1 -1 -1 -1 -1 -1 -1 -1 -1 -1 -1 -1 
-1 -1 -1 -1 -1 -1 -1 -1 -1 -1 -1 -1 -1 -1 -1 -1 -1 -1 -1 -1 -1 -1 -1 -1 -1 -1 -1 -1 -1 -1 -1 -1 -1 -1 -1 -1 23 -1 -1 -1 -1 -1 -1 -1 -1 -1 -1 -1 -1 -1 
-1 -1 -1 -1 -1 -1 -1 -1 -1 -1 -1 -1 -1 -1 -1 -1 -1 -1 -1 -1 -1 -1 -1 -1 -1 -1 -1 -1 -1 -1 -1 -1 -1 -1 -1 -1 59 -1 -1 -1 -1 -1 -1 -1 -1 -1 -1 -1 -1 -1 
-1 -1 -1 -1 -1 -1 -1 -1 -1 -1 -1 -1 -1 -1 -1 -1 -1 -1 -1 -1 -1 -1 -1 -1 -1 -1 -1 -1 -1 -1 -1 -1 -1 -1 -1 -1 18 -1 -1 -1 -1 -1 -1 -1 -1 -1 -1 -1 -1 -1 
-1 -1 -1 -1 -1 -1 -1 -1 -1 -1 -1 -1 -1 -1 -1 -1 -1 -1 -1 -1 -1 -1 -1 -1 -1 -1 -1 -1 -1 -1 -1 -1 -1 -1 -1 -1 29 -1 -1 -1 -1 -1 -1 -1 -1 -1 -1 -1 -1 -1 
-1 -1 -1 -1 -1 -1 -1 -1 -1 -1 -1 -1 -1 -1 -1 -1 -1 -1 -1 -1 -1 -1 -1 -1 -1 -1 -1 -1 -1 -1 -1 -1 -1 -1 -1 -1 57 -1 -1 -1 -1 -1 -1 -1 -1 -1 -1 -1 -1 -1 
-1 -1 -1 -1 -1 -1 -1 -1 -1 -1 -1 -1 -1 -1 -1 -1 -1 -1 -1 -1 -1 -1 -1 -1 -1 -1 -1 -1 -1 -1 -1 -1 -1 -1 -1 -1 84 -1 -1 -1 -1 -1 -1 -1 -1 -1 -1 -1 -1 -1 
-1 -1 -1 -1 -1 -1 -1 -1 -1 -1 -1 -1 -1 -1 -1 -1 -1 -1 -1 -1 -1 -1 -1 -1 -1 -1 -1 -1 -1 -1 -1 -1 -1 -1 -1 -1 57 -1 -1 -1 -1 -1 -1 -1 -1 -1 -1 -1 -1 -1 
-1 -1 -1 -1 -1 -1 -1 -1 -1 -1 -1 -1 -1 -1 -1 -1 -1 -1 -1 -1 -1 -1 -1 -1 -1 -1 -1 -1 -1 -1 -1 -1 -1 -1 -1 -1 14 -1 -1 -1 -1 -1 -1 -1 -1 -1 -1 -1 -1 -1 
-1 -1 -1 -1 -1 -1 -1 -1 -1 -1 -1 -1 -1 -1 -1 -1 -1 -1 -1 -1 -1 -1 -1 -1 -1 -1 -1 -1 -1 -1 -1 -1 -1 -1 -1 -1 119 -1 -1 -1 -1 -1 -1 -1 -1 -1 -1 -1 -1 -1 
-1 -1 -1 -1 -1 -1 -1 -1 -1 -1 -1 -1 -1 -1 -1 -1 -1 -1 -1 -1 -1 -1 -1 -1 -1 -1 -1 -1 -1 -1 -1 -1 -1 -1 -1 -1 24 -1 -1 -1 -1 -1 -1 -1 -1 -1 -1 -1 -1 -1 
-1 -1 -1 -1 -1 -1 -1 -1 -1 -1 -1 -1 -1 -1 -1 -1 -1 -1 -1 -1 -1 -1 -1 -1 -1 -1 -1 -1 -1 -1 -1 -1 -1 -1 -1 -1 128 -1 -1 -1 -1 -1 -1 -1 -1 -1 -1 -1 -1 -1 
-1 -1 -1 -1 -1 -1 -1 -1 -1 -1 -1 -1 -1 -1 -1 -1 -1 -1 -1 -1 -1 -1 -1 -1 -1 -1 -1 -1 -1 -1 -1 -1 -1 -1 -1 -1 23 -1 -1 -1 -1 -1 -1 -1 -1 -1 -1 -1 -1 -1 
-1 -1 -1 -1 -1 -1 -1 -1 -1 -1 -1 -1 -1 -1 -1 -1 -1 -1 -1 -1 -1 -1 -1 -1 -1 -1 -1 -1 -1 -1 -1 -1 -1 -1 -1 -1 64 -1 -1 -1 -1 -1 -1 -1 -1 -1 -1 -1 -1 -1 
-1 -1 -1 -1 -1 -1 -1 -1 -1 -1 -1 -1 -1 -1 -1 -1 -1 -1 -1 -1 -1 -1 -1 -1 -1 -1 -1 -1 -1 -1 -1 -1 -1 -1 -1 -1 -1 116 -1 -1 -1 -1 -1 -1 -1 -1 -1 -1 -1 -1 
-1 -1 -1 -1 -1 -1 -1 -1 -1 -1 -1 -1 -1 -1 -1 -1 -1 -1 -1 -1 -1 -1 -1 -1 -1 -1 -1 -1 -1 -1 -1 -1 -1 -1 -1 -1 -1 -1 64 3 36 31 101 70 123 56 -1 -1 -1 -1 
-1 -1 -1 -1 -1 -1 -1 -1 -1 -1 -1 -1 -1 -1 -1 -1 -1 -1 -1 -1 -1 -1 -1 -1 -1 -1 -1 -1 -1 -1 -1 -1 -1 -1 -1 -1 -1 -1 -1 -1 -1 -1 -1 -1 -1 -1 98 -1 -1 -1 
-1 -1 -1 -1 -1 -1 -1 -1 -1 -1 -1 -1 -1 -1 -1 -1 -1 -1 -1 -1 -1 -1 -1 -1 -1 -1 -1 -1 -1 -1 -1 -1 -1 -1 -1 -1 -1 -1 -1 -1 -1 -1 -1 -1 -1 -1 91 -1 -1 -1 
-1 -1 -1 -1 -1 -1 -1 -1 -1 -1 -1 -1 -1 -1 -1 -1 -1 -1 -1 -1 -1 -1 -1 -1 -1 -1 -1 -1 -1 -1 -1 -1 -1 -1 -1 -1 -1 -1 -1 -1 -1 -1 -1 -1 -1 -1 107 -1 -1 -1 
-1 -1 -1 -1 -1 -1 -1 -1 -1 -1 -1 -1 -1 -1 -1 -1 -1 -1 -1 -1 -1 -1 -1 -1 -1 -1 -1 -1 -1 -1 -1 -1 -1 -1 -1 -1 -1 -1 -1 -1 -1 -1 -1 -1 -1 -1 43 -1 -1 -1 
-1 -1 -1 -1 -1 -1 -1 -1 -1 -1 -1 -1 -1 -1 -1 -1 -1 -1 -1 -1 -1 -1 -1 -1 -1 -1 -1 -1 -1 -1 -1 -1 -1 -1 -1 -1 -1 -1 -1 -1 -1 -1 -1 -1 -1 -1 4 -1 -1 -1 
-1 -1 -1 -1 -1 -1 -1 -1 -1 -1 -1 -1 -1 -1 -1 -1 -1 -1 -1 -1 -1 -1 -1 -1 -1 -1 -1 -1 -1 -1 -1 -1 -1 -1 -1 -1 -1 -1 -1 -1 -1 -1 -1 -1 -1 -1 98 -1 -1 -1 
-1 -1 -1 -1 -1 -1 -1 -1 -1 -1 -1 -1 -1 -1 -1 -1 -1 -1 -1 -1 -1 -1 -1 -1 -1 -1 -1 -1 -1 -1 -1 -1 -1 -1 -1 -1 -1 -1 -1 -1 -1 -1 -1 -1 -1 -1 33 -1 -1 -1 
-1 -1 -1 -1 -1 -1 -1 -1 -1 -1 -1 -1 -1 -1 -1 -1 -1 -1 -1 -1 -1 -1 -1 -1 -1 -1 -1 -1 -1 -1 -1 -1 -1 -1 -1 -1 -1 -1 -1 -1 -1 -1 -1 -1 -1 -1 26 -1 -1 -1 
-1 -1 -1 -1 -1 -1 -1 -1 -1 -1 -1 -1 -1 -1 -1 -1 -1 -1 -1 -1 -1 -1 -1 -1 -1 -1 -1 -1 -1 -1 -1 -1 -1 -1 -1 -1 -1 -1 -1 -1 -1 -1 -1 -1 -1 -1 -1 118 -1 -1 
-1 -1 -1 -1 -1 -1 -1 -1 -1 -1 -1 -1 -1 -1 -1 -1 -1 -1 -1 -1 -1 -1 -1 -1 -1 -1 -1 -1 -1 -1 -1 -1 -1 -1 -1 -1 -1 -1 -1 -1 -1 -1 -1 -1 -1 -1 -1 -1 55 -1 
-1 -1 -1 -1 -1 -1 -1 -1 -1 -1 -1 -1 -1 -1 -1 -1 -1 -1 -1 -1 -1 -1 -1 -1 -1 -1 -1 -1 -1 -1 -1 -1 -1 -1 -1 -1 -1 -1 -1 -1 -1 -1 -1 -1 -1 -1 -1 -1 -1 84 
-1 -1 -1 -1 -1 -1 -1 -1 -1 -1 -1 -1 -1 -1 -1 -1 -1 -1 -1 -1 -1 -1 -1 -1 -1 -1 -1 -1 -1 -1 -1 -1 -1 -1 -1 -1 -1 -1 -1 -1 -1 -1 -1 -1 -1 -1 -1 -1 -1 -1 
