9 32
0.06 0.04 0.05 0.04 0.05 0.05 0.05 0.06 0.06 0.04 0.04 0.06 0.06 0.06 0.04 0.06 0.03 0.07 0.07 0.04 0.04 0.04 0.05 0.04 0.06 0.06 0.04 0.04 0.06 0.06 0.06 0.06
0.94 0.97 1.18 0.97 0.94 0.87 1.0 0.95 1.07 1.14 0.92 1.04 1.03 0.91 0.82 1.14 1.17 0.96 0.84 1.06 1.08 0.91 1.03 0.88 1.13 1.15 1.12 1.17 0.86 0.89 0.85 1.07
2.64 2.78 2.82 2.71 2.94 2.91 2.74 2.75 2.88 2.76 2.82 2.87 2.93 2.73 2.85 2.97 2.59 2.78 2.53 2.74 2.59 2.76 2.53 2.56 2.61 2.99 2.66 2.93 2.82 2.92 2.6 2.94
0.73 0.96 0.44 0.22 0.58 0.45 0.05 0.69 0.26 0.78 0.64 0.11 0.23 0.33 0.89 0.41 0.27 0.8 0.04 0.18 0.7 0.24 0.03 0.79 0.35 0.62 0.5 0.65 0.43 0.86 0.86 0.6
1.0 1.0 1.0 1.0 1.0 1.0 1.0 1.0 1.0 1.0 1.0 1.0 1.0 1.0 1.0 1.0 1.0 1.0 1.0 1.0 1.0 1.0 1.0 1.0 1.0 1.0 1.0 1.0 1.0 1.0 1.0 1.0
56 12 85 21 90 39 68 46 11 78 68 57 61 58 83 48 34 62 37 99 88 64 96 73 11 63 54 73 51 97 45 83
63 71 76 42 73 91 81 38 27 23 30 78 68 59 25 70 24 68 56 93 10 18 73 82 91 55 94 27 66 94 61 15
31 37 96 63 88 42 63 69 73 42 15 76 31 10 81 83 56 87 48 34 57 51 59 57 93 69 80 79 85 21 19 96
36 39 24 51 96 91 22 10 44 75 40 80 90 33 88 82 99 91 44 75 74 36 77 47 76 87 90 75 81 60 86 66
60 38 59 26 36 54 68 38 59 49 14 39 21 53 28 39 17 34 82 99 53 92 58 38 24 52 49 64 93 36 77 84
73 12 76 44 25 18 73 84 96 16 27 43 10 47 27 87 39 33 92 45 64 31 96 91 72 70 80 43 33 47 39 66
25 75 38 26 96 47 18 35 46 30 53 83 74 50 57 12 81 21 52 15 42 30 40 33 61 38 20 51 97 48 35 92
13 26 74 87 21 97 55 95 50 89 10 22 88 51 18 51 31 24 90 37 77 69 46 54 92 58 23 36 78 17 94 88
28 63 32 63 84 51 10 80 68 26 41 16 52 52 94 17 61 52 69 30 89 80 93 65 14 81 18 15 74 33 93 43
-1 48 76 18 -1 -1 -1 -1 -1
-1 -1 -1 -1 16 -1 -1 -1 -1
-1 -1 -1 -1 -1 100 -1 -1 -1
-1 -1 -1 -1 -1 -1 48 -1 -1
-1 -1 -1 -1 -1 94 25 -1 -1
-1 -1 -1 -1 -1 -1 -1 60 -1
-1 -1 -1 -1 -1 -1 -1 -1 21
-1 -1 -1 -1 -1 -1 -1 -1 32
-1 -1 -1 -1 -1 -1 -1 -1 -1
