11 32
0 0 0 0 0 0 0 0 0 0 0 0 0 0 0 0 0 0 0 0 0 0 0 0 0 0 0 0 0 0 0 0 
76 93 92 81 74 74 62 20 72 55 99 72 45 93 63 63 74 76 25 43 32 94 96 46 86 96 86 51 18 23 94 66 
65 15 17 58 69 73 15 44 21 89 71 17 37 52 92 11 71 12 93 55 51 62 54 50 51 97 23 84 20 46 90 94 
41 56 18 50 57 21 92 36 54 71 95 69 73 75 17 89 88 79 90 51 88 98 82 63 65 53 60 11 18 18 82 45 
90 25 42 45 87 91 20 28 46 29 45 80 31 24 40 99 26 50 53 70 86 39 67 94 19 64 69 89 62 78 63 28 
13 60 28 49 15 69 51 19 90 85 90 86 23 13 73 17 42 61 54 21 61 95 20 23 17 35 74 77 56 46 50 67 
74 45 12 92 88 24 67 23 85 29 94 86 65 75 80 55 62 46 78 89 75 17 47 16 80 74 26 77 70 16 24 53 
68 74 65 39 15 40 18 44 90 30 31 58 97 38 45 87 23 49 81 85 74 15 95 89 73 58 65 81 35 21 71 83 
20 82 41 61 41 64 82 38 47 30 16 69 72 21 69 62 19 88 89 37 16 40 40 79 10 21 95 21 93 44 53 95 
75 36 39 79 96 28 13 58 53 58 75 34 76 91 36 89 26 34 76 15 38 91 61 89 46 44 40 79 33 70 37 30 
77 80 70 96 84 38 85 51 22 19 91 89 92 95 11 47 45 57 11 16 99 18 73 96 97 72 16 78 72 53 11 88 
-1 0 0 0 0 -1 -1 -1 -1 -1 -1 
-1 -1 -1 -1 -1 50 83 31 -1 -1 -1 
-1 -1 -1 -1 -1 93 -1 -1 -1 -1 -1 
-1 -1 -1 -1 -1 -1 42 -1 -1 -1 -1 
-1 -1 -1 -1 -1 -1 -1 71 -1 -1 -1 
-1 -1 -1 -1 -1 -1 -1 -1 70 99 -1 
-1 -1 -1 -1 -1 -1 -1 -1 18 -1 -1 
-1 -1 -1 -1 -1 -1 -1 -1 -1 64 -1 
-1 -1 -1 -1 -1 -1 -1 -1 -1 -1 76 
-1 -1 -1 -1 -1 -1 -1 -1 -1 -1 25 
-1 -1 -1 -1 -1 -1 -1 -1 -1 -1 -1 
