11 32
0.05 0.04 0.05 0.05 0.07 0.03 0.06 0.06 0.04 0.03 0.05 0.05 0.06 0.05 0.06 0.04 0.07 0.05 0.07 0.06 0.05 0.07 0.05 0.05 0.03 0.05 0.04 0.04 0.03 0.04 0.06 0.05
0.9 1.05 1.08 0.88 1.18 0.81 0.99 1.03 0.92 1.01 1.17 1.01 1.07 1.17 0.81 1.02 1.03 0.89 0.96 0.94 1.14 1.16 0.95 1.04 1.15 0.97 1.12 1.14 1.1 0.9 0.95 0.8
2.58 2.51 2.87 2.96 2.96 2.58 2.75 2.68 2.57 2.93 2.71 2.9 2.72 2.68 2.51 2.51 2.72 2.87 2.81 2.99 2.51 2.73 2.92 2.69 2.92 2.66 2.8 2.57 2.84 2.53 2.99 2.88
0.23 0.21 0.16 0.08 0.9 0.68 0.88 0.87 0.25 0.33 0.9 0.64 0.44 0.89 0.73 0.17 0.69 0.98 0.76 0.19 0.29 0.84 0.28 0.09 0.79 0.37 0.34 0.71 0.08 0.81 0.24 0.14
1.0 1.0 1.0 1.0 1.0 1.0 1.0 1.0 1.0 1.0 1.0 1.0 1.0 1.0 1.0 1.0 1.0 1.0 1.0 1.0 1.0 1.0 1.0 1.0 1.0 1.0 1.0 1.0 1.0 1.0 1.0 1.0
0 0 0 0 0 0 0 0 0 0 0 0 0 0 0 0 0 0 0 0 0 0 0 0 0 0 0 0 0 0 0 0
73 96 44 57 16 48 67 74 24 98 28 85 61 57 79 88 61 99 76 57 88 92 90 92 23 26 81 22 96 55 20 18
50 51 72 26 44 37 11 12 11 63 65 54 66 39 21 58 27 80 24 39 94 94 42 16 31 24 61 12 69 63 91 89
86 89 97 24 69 51 71 77 21 61 74 72 84 30 58 31 48 91 87 51 96 87 22 63 21 20 36 18 99 61 35 17
88 50 74 86 67 71 17 62 84 17 24 65 87 17 89 63 27 76 56 31 72 75 68 82 71 43 53 44 25 48 30 70
11 29 77 31 32 10 54 15 45 22 23 48 20 61 42 72 88 99 20 13 45 76 87 48 51 26 99 47 19 41 59 46
65 30 33 69 17 26 77 75 52 27 59 63 80 57 62 88 48 75 59 45 82 99 68 67 47 30 69 19 66 75 24 44
10 86 51 75 54 48 87 79 37 32 85 86 99 87 66 97 97 62 37 22 38 94 92 58 96 49 37 93 12 71 45 22
55 83 28 76 32 67 43 55 31 74 20 12 73 83 47 15 99 85 24 87 15 85 87 12 37 90 40 14 89 33 73 29
54 73 48 51 63 40 86 49 68 91 89 35 84 94 13 83 64 60 94 92 64 69 44 48 25 14 20 85 33 46 48 88
18 76 87 24 10 34 49 46 80 11 63 47 80 47 94 66 10 76 89 41 67 30 94 73 51 45 74 75 64 50 94 39
-1 0 0 0 0 -1 -1 -1 -1 -1 -1
-1 -1 -1 -1 -1 32 65 25 -1 -1 -1
-1 -1 -1 -1 -1 70 -1 -1 -1 -1 -1
-1 -1 -1 -1 -1 -1 23 -1 -1 -1 -1
-1 -1 -1 -1 -1 -1 -1 75 -1 -1 -1
-1 -1 -1 -1 -1 -1 -1 -1 69 81 -1
-1 -1 -1 -1 -1 -1 -1 -1 29 -1 -1
-1 -1 -1 -1 -1 -1 -1 -1 -1 70 -1
-1 -1 -1 -1 -1 -1 -1 -1 -1 -1 17
-1 -1 -1 -1 -1 -1 -1 -1 -1 -1 37
-1 -1 -1 -1 -1 -1 -1 -1 -1 -1 -1
