50 32
70 30 98 61 23 2 123 107 82 21 66 118 14 76 87 90 10 106 21 78 5 128 27 39 44 94 98 70 97 42 102 39 
71 71 99 93 73 93 72 26 113 9 16 126 84 102 87 93 79 108 43 84 107 69 122 22 34 91 91 3 4 64 41 75 
7 11 39 79 103 110 104 87 119 119 84 74 92 43 39 43 22 81 126 128 21 119 22 54 82 112 56 85 48 96 31 54 
106 70 4 80 51 107 38 41 98 122 115 61 36 25 103 57 105 100 56 125 91 77 50 44 61 106 128 108 73 31 33 51 
100 36 2 22 14 40 63 111 33 49 44 68 73 18 124 49 118 51 45 80 128 94 123 60 71 122 39 16 24 71 66 123 
106 67 17 119 106 79 102 10 127 17 77 71 34 72 119 23 123 35 102 122 128 96 53 71 90 91 86 113 33 23 108 10 
89 124 128 67 74 101 76 72 117 25 14 23 96 4 45 90 38 19 83 37 114 7 107 75 97 64 60 1 86 39 10 47 
34 10 113 107 110 60 50 99 84 63 121 52 66 37 13 103 55 96 11 41 102 118 115 71 53 46 71 11 84 81 57 117 
90 41 95 71 100 16 41 56 78 33 107 15 70 119 117 124 86 128 36 60 117 23 2 41 68 72 51 24 24 107 12 113 
19 107 56 119 122 96 46 72 1 24 86 70 14 75 65 100 74 101 31 62 123 32 102 62 103 25 85 127 3 97 111 22 
75 38 12 68 6 57 11 6 80 97 75 93 43 11 64 116 111 94 49 105 125 22 39 100 46 123 98 49 91 80 70 37 
118 81 105 123 9 115 128 88 83 74 52 125 84 116 112 67 81 32 43 78 54 81 49 99 76 18 19 38 97 88 75 86 
40 51 80 48 37 79 7 120 24 59 116 108 46 100 46 126 3 88 75 56 41 123 27 116 12 45 25 109 5 99 66 44 
21 18 92 58 96 98 49 120 28 36 99 73 7 16 71 10 103 17 65 15 12 91 2 23 8 27 3 12 125 69 55 18 
86 18 75 53 116 123 44 15 30 14 88 37 29 30 46 4 46 110 18 57 73 20 80 80 46 82 91 42 22 17 59 107 
35 5 32 22 127 75 36 29 89 123 65 117 24 110 120 70 91 10 126 35 29 77 114 74 31 76 115 52 93 46 31 127 
50 62 20 49 8 55 77 96 50 13 85 73 122 76 14 84 85 12 119 113 88 104 58 118 52 45 42 16 90 72 14 11 
5 33 59 12 87 7 108 8 19 64 81 12 11 94 96 96 105 86 80 65 61 10 54 112 54 95 127 15 38 12 25 42 
44 84 54 3 90 33 10 109 96 90 120 106 56 87 73 32 44 25 96 105 34 22 88 87 116 87 101 26 98 125 67 14 
80 120 16 42 24 25 22 119 115 13 97 42 100 41 73 15 65 41 119 98 62 79 56 49 37 28 74 6 25 13 19 104 
4 34 17 28 59 38 18 45 51 114 86 22 27 30 36 91 70 27 61 3 105 116 52 13 16 125 18 40 9 37 15 13 
70 32 40 128 69 57 44 119 43 1 12 69 31 48 31 100 74 91 103 50 79 26 62 94 22 79 5 31 115 19 43 57 
50 82 56 119 10 100 109 52 100 121 120 2 40 23 102 113 113 76 34 63 101 95 28 122 45 32 24 32 51 66 88 100 
19 15 90 29 114 71 80 86 63 72 87 102 94 60 86 78 7 119 13 107 85 40 101 1 72 124 32 122 62 119 93 80 
6 55 108 119 125 60 76 59 3 35 32 96 94 117 45 101 107 57 79 63 97 51 63 40 47 95 33 108 85 125 59 90 
51 39 81 47 98 28 105 100 62 8 67 28 124 111 128 102 40 78 36 8 1 99 47 47 65 79 26 21 75 84 111 126 
122 63 44 91 90 21 62 24 28 128 51 24 111 50 125 22 127 33 29 127 3 75 45 67 25 70 87 99 26 69 96 19 
3 12 110 93 32 43 116 59 43 38 82 25 87 79 46 85 111 74 84 113 20 128 51 44 70 9 14 95 78 110 113 80 
121 94 44 24 9 31 82 51 68 36 75 26 114 120 111 96 65 66 80 84 65 2 127 6 10 12 100 87 121 85 39 113 
50 82 8 58 113 90 108 52 125 54 78 110 45 60 77 109 125 28 64 61 29 62 67 38 74 38 125 66 122 35 51 44 
116 58 101 100 19 81 24 15 6 101 124 51 32 72 31 28 99 95 88 127 28 26 37 101 64 33 39 57 67 89 100 54 
18 73 26 37 25 49 51 30 21 47 80 52 118 111 79 89 77 38 87 104 64 123 77 127 27 115 55 93 75 27 19 92 
99 44 128 123 92 51 24 112 97 104 35 86 86 113 46 34 22 5 9 85 127 85 83 26 71 10 118 17 36 8 109 6 
51 108 128 14 30 23 125 126 126 31 84 83 15 1 116 37 5 125 121 4 81 76 29 24 85 18 40 120 26 20 125 76 
128 124 90 29 18 86 27 16 117 110 98 3 110 86 39 115 82 32 118 34 107 18 57 63 35 97 54 60 116 50 8 115 
45 97 16 62 54 42 77 42 23 47 45 4 4 83 118 85 114 107 118 92 124 47 26 31 15 79 90 2 128 97 117 44 
65 4 106 119 45 54 32 67 100 76 70 103 31 60 59 16 38 49 108 34 95 5 64 109 84 25 110 83 122 98 127 58 
101 104 48 17 29 80 83 1 27 25 103 57 84 34 73 121 82 52 26 48 56 89 28 11 114 9 94 107 107 92 36 79 
67 84 96 95 35 50 95 61 74 70 118 29 103 62 22 56 113 47 103 40 8 2 51 121 10 16 99 116 107 6 67 45 
89 34 11 123 83 106 56 29 47 45 57 21 106 78 76 90 125 50 1 4 51 51 124 60 66 94 48 44 99 114 88 60 
19 99 54 101 76 109 1 122 25 58 14 2 7 89 91 3 10 92 6 60 14 1 119 80 94 38 123 65 23 83 124 41 
53 49 14 128 30 14 121 54 71 6 56 78 94 18 80 103 109 86 34 123 86 24 74 52 62 68 116 84 22 111 125 74 
31 10 73 60 23 65 114 94 70 41 43 35 58 122 9 39 79 42 33 37 66 106 88 127 45 75 82 67 57 78 12 87 
87 85 19 110 21 4 75 91 44 117 125 101 110 6 11 61 47 43 97 112 20 56 110 65 2 64 3 58 13 14 16 100 
98 34 81 119 37 27 81 80 15 77 53 124 82 63 56 1 106 24 112 125 79 94 61 80 29 63 9 41 77 25 12 46 
58 92 36 95 118 116 46 4 65 98 128 18 33 55 18 10 79 2 6 29 95 67 109 123 1 117 35 77 13 47 123 71 
10 30 37 128 18 82 3 82 52 2 99 84 57 117 93 7 118 98 35 84 36 15 78 37 4 112 113 16 30 107 86 40 
9 122 39 26 76 41 107 127 43 77 82 99 65 46 105 54 15 11 9 51 26 86 87 29 70 71 44 99 50 2 10 58 
123 48 83 70 89 61 68 3 9 21 101 74 66 77 127 81 87 8 3 112 93 89 12 34 31 56 5 80 57 14 9 51 
62 91 121 22 23 60 24 32 81 124 105 18 72 103 98 30 110 100 14 75 60 25 108 91 80 112 42 8 126 51 59 59 
-1 -1 -1 -1 -1 -1 -1 -1 13 51 80 36 110 -1 -1 -1 103 -1 67 -1 -1 -1 -1 62 -1 -1 -1 98 -1 -1 -1 -1 43 -1 -1 -1 -1 -1 80 -1 -1 -1 -1 -1 -1 -1 -1 -1 -1 -1 
-1 -1 -1 -1 -1 -1 -1 -1 -1 41 -1 -1 17 49 70 127 -1 21 -1 83 -1 -1 -1 -1 73 -1 -1 -1 -1 -1 -1 -1 -1 -1 -1 -1 -1 -1 -1 80 -1 -1 -1 -1 -1 -1 -1 -1 -1 -1 
-1 -1 -1 -1 -1 -1 -1 -1 -1 -1 -1 -1 -1 -1 108 -1 52 42 -1 -1 59 -1 -1 -1 -1 -1 -1 -1 -1 -1 -1 -1 -1 -1 -1 -1 -1 -1 -1 -1 36 -1 -1 -1 -1 -1 -1 -1 -1 -1 
-1 -1 -1 -1 -1 -1 -1 -1 -1 -1 -1 -1 -1 -1 -1 -1 -1 -1 84 67 33 6 125 -1 -1 91 -1 -1 -1 -1 -1 -1 -1 18 -1 -1 -1 -1 -1 -1 -1 47 -1 -1 -1 -1 -1 -1 -1 -1 
-1 -1 -1 -1 -1 -1 -1 -1 -1 -1 42 -1 -1 -1 -1 53 -1 -1 -1 -1 -1 -1 -1 28 16 119 90 -1 113 -1 33 -1 -1 -1 41 -1 -1 -1 -1 -1 -1 -1 25 -1 -1 -1 -1 -1 -1 -1 
-1 -1 -1 -1 -1 -1 -1 -1 -1 -1 -1 50 -1 -1 -1 -1 -1 -1 -1 -1 -1 -1 89 -1 -1 -1 -1 94 48 109 -1 -1 -1 -1 -1 -1 -1 -1 -1 -1 -1 -1 -1 49 -1 -1 -1 -1 -1 -1 
-1 -1 -1 -1 -1 -1 -1 -1 -1 -1 -1 -1 -1 -1 -1 -1 -1 -1 -1 -1 -1 -1 -1 -1 -1 -1 120 -1 -1 -1 61 28 -1 -1 -1 43 -1 -1 -1 -1 -1 -1 -1 -1 102 -1 -1 -1 -1 -1 
-1 -1 -1 -1 -1 -1 -1 -1 -1 -1 -1 -1 -1 -1 -1 -1 -1 -1 -1 -1 -1 -1 -1 -1 -1 -1 -1 -1 -1 86 -1 78 57 24 110 62 -1 -1 -1 -1 -1 -1 -1 -1 -1 20 -1 -1 -1 -1 
-1 -1 -1 -1 -1 -1 -1 -1 -1 -1 -1 -1 -1 -1 -1 -1 -1 -1 -1 -1 -1 -1 -1 -1 -1 -1 -1 -1 -1 -1 -1 -1 -1 -1 -1 -1 72 -1 -1 -1 -1 -1 -1 -1 -1 -1 -1 -1 -1 -1 
-1 -1 -1 -1 -1 -1 -1 -1 -1 -1 -1 -1 -1 -1 -1 -1 -1 -1 -1 -1 -1 -1 -1 -1 -1 -1 -1 -1 -1 -1 -1 -1 -1 -1 -1 -1 80 -1 -1 -1 -1 -1 -1 -1 -1 -1 -1 -1 -1 -1 
-1 -1 -1 -1 -1 -1 -1 -1 -1 -1 -1 -1 -1 -1 -1 -1 -1 -1 -1 -1 -1 -1 -1 -1 -1 -1 -1 -1 -1 -1 -1 -1 -1 -1 -1 -1 66 -1 -1 -1 -1 -1 -1 -1 -1 -1 -1 -1 -1 -1 
-1 -1 -1 -1 -1 -1 -1 -1 -1 -1 -1 -1 -1 -1 -1 -1 -1 -1 -1 -1 -1 -1 -1 -1 -1 -1 -1 -1 -1 -1 -1 -1 -1 -1 -1 -1 113 -1 -1 -1 -1 -1 -1 -1 -1 -1 -1 -1 -1 -1 
-1 -1 -1 -1 -1 -1 -1 -1 -1 -1 -1 -1 -1 -1 -1 -1 -1 -1 -1 -1 -1 -1 -1 -1 -1 -1 -1 -1 -1 -1 -1 -1 -1 -1 -1 -1 4 -1 -1 -1 -1 -1 -1 -1 -1 -1 -1 -1 -1 -1 
-1 -1 -1 -1 -1 -1 -1 -1 -1 -1 -1 -1 -1 -1 -1 -1 -1 -1 -1 -1 -1 -1 -1 -1 -1 -1 -1 -1 -1 -1 -1 -1 -1 -1 -1 -1 94 -1 -1 -1 -1 -1 -1 -1 -1 -1 -1 -1 -1 -1 
-1 -1 -1 -1 -1 -1 -1 -1 -1 -1 -1 -1 -1 -1 -1 -1 -1 -1 -1 -1 -1 -1 -1 -1 -1 -1 -1 -1 -1 -1 -1 -1 -1 -1 -1 -1 128 -1 -1 -1 -1 -1 -1 -1 -1 -1 -1 -1 -1 -1 
-1 -1 -1 -1 -1 -1 -1 -1 -1 -1 -1 -1 -1 -1 -1 -1 -1 -1 -1 -1 -1 -1 -1 -1 -1 -1 -1 -1 -1 -1 -1 -1 -1 -1 -1 -1 123 -1 -1 -1 -1 -1 -1 -1 -1 -1 -1 -1 -1 -1 
-1 -1 -1 -1 -1 -1 -1 -1 -1 -1 -1 -1 -1 -1 -1 -1 -1 -1 -1 -1 -1 -1 -1 -1 -1 -1 -1 -1 -1 -1 -1 -1 -1 -1 -1 -1 55 -1 -1 -1 -1 -1 -1 -1 -1 -1 -1 -1 -1 -1 
-1 -1 -1 -1 -1 -1 -1 -1 -1 -1 -1 -1 -1 -1 -1 -1 -1 -1 -1 -1 -1 -1 -1 -1 -1 -1 -1 -1 -1 -1 -1 -1 -1 -1 -1 -1 112 -1 -1 -1 -1 -1 -1 -1 -1 -1 -1 -1 -1 -1 
-1 -1 -1 -1 -1 -1 -1 -1 -1 -1 -1 -1 -1 -1 -1 -1 -1 -1 -1 -1 -1 -1 -1 -1 -1 -1 -1 -1 -1 -1 -1 -1 -1 -1 -1 -1 27 -1 -1 -1 -1 -1 -1 -1 -1 -1 -1 -1 -1 -1 
-1 -1 -1 -1 -1 -1 -1 -1 -1 -1 -1 -1 -1 -1 -1 -1 -1 -1 -1 -1 -1 -1 -1 -1 -1 -1 -1 -1 -1 -1 -1 -1 -1 -1 -1 -1 95 -1 -1 -1 -1 -1 -1 -1 -1 -1 -1 -1 -1 -1 
-1 -1 -1 -1 -1 -1 -1 -1 -1 -1 -1 -1 -1 -1 -1 -1 -1 -1 -1 -1 -1 -1 -1 -1 -1 -1 -1 -1 -1 -1 -1 -1 -1 -1 -1 -1 8 -1 -1 -1 -1 -1 -1 -1 -1 -1 -1 -1 -1 -1 
-1 -1 -1 -1 -1 -1 -1 -1 -1 -1 -1 -1 -1 -1 -1 -1 -1 -1 -1 -1 -1 -1 -1 -1 -1 -1 -1 -1 -1 -1 -1 -1 -1 -1 -1 -1 76 -1 -1 -1 -1 -1 -1 -1 -1 -1 -1 -1 -1 -1 
-1 -1 -1 -1 -1 -1 -1 -1 -1 -1 -1 -1 -1 -1 -1 -1 -1 -1 -1 -1 -1 -1 -1 -1 -1 -1 -1 -1 -1 -1 -1 -1 -1 -1 -1 -1 55 -1 -1 -1 -1 -1 -1 -1 -1 -1 -1 -1 -1 -1 
-1 -1 -1 -1 -1 -1 -1 -1 -1 -1 -1 -1 -1 -1 -1 -1 -1 -1 -1 -1 -1 -1 -1 -1 -1 -1 -1 -1 -1 -1 -1 -1 -1 -1 -1 -1 102 -1 -1 -1 -1 -1 -1 -1 -1 -1 -1 -1 -1 -1 
-1 -1 -1 -1 -1 -1 -1 -1 -1 -1 -1 -1 -1 -1 -1 -1 -1 -1 -1 -1 -1 -1 -1 -1 -1 -1 -1 -1 -1 -1 -1 -1 -1 -1 -1 -1 123 -1 -1 -1 -1 -1 -1 -1 -1 -1 -1 -1 -1 -1 
-1 -1 -1 -1 -1 -1 -1 -1 -1 -1 -1 -1 -1 -1 -1 -1 -1 -1 -1 -1 -1 -1 -1 -1 -1 -1 -1 -1 -1 -1 -1 -1 -1 -1 -1 -1 36 -1 -1 -1 -1 -1 -1 -1 -1 -1 -1 -1 -1 -1 
-1 -1 -1 -1 -1 -1 -1 -1 -1 -1 -1 -1 -1 -1 -1 -1 -1 -1 -1 -1 -1 -1 -1 -1 -1 -1 -1 -1 -1 -1 -1 -1 -1 -1 -1 -1 22 -1 -1 -1 -1 -1 -1 -1 -1 -1 -1 -1 -1 -1 
-1 -1 -1 -1 -1 -1 -1 -1 -1 -1 -1 -1 -1 -1 -1 -1 -1 -1 -1 -1 -1 -1 -1 -1 -1 -1 -1 -1 -1 -1 -1 -1 -1 -1 -1 -1 114 -1 -1 -1 -1 -1 -1 -1 -1 -1 -1 -1 -1 -1 
-1 -1 -1 -1 -1 -1 -1 -1 -1 -1 -1 -1 -1 -1 -1 -1 -1 -1 -1 -1 -1 -1 -1 -1 -1 -1 -1 -1 -1 -1 -1 -1 -1 -1 -1 -1 96 -1 -1 -1 -1 -1 -1 -1 -1 -1 -1 -1 -1 -1 
-1 -1 -1 -1 -1 -1 -1 -1 -1 -1 -1 -1 -1 -1 -1 -1 -1 -1 -1 -1 -1 -1 -1 -1 -1 -1 -1 -1 -1 -1 -1 -1 -1 -1 -1 -1 49 -1 -1 -1 -1 -1 -1 -1 -1 -1 -1 -1 -1 -1 
-1 -1 -1 -1 -1 -1 -1 -1 -1 -1 -1 -1 -1 -1 -1 -1 -1 -1 -1 -1 -1 -1 -1 -1 -1 -1 -1 -1 -1 -1 -1 -1 -1 -1 -1 -1 29 -1 -1 -1 -1 -1 -1 -1 -1 -1 -1 -1 -1 -1 
-1 -1 -1 -1 -1 -1 -1 -1 -1 -1 -1 -1 -1 -1 -1 -1 -1 -1 -1 -1 -1 -1 -1 -1 -1 -1 -1 -1 -1 -1 -1 -1 -1 -1 -1 -1 69 -1 -1 -1 -1 -1 -1 -1 -1 -1 -1 -1 -1 -1 
-1 -1 -1 -1 -1 -1 -1 -1 -1 -1 -1 -1 -1 -1 -1 -1 -1 -1 -1 -1 -1 -1 -1 -1 -1 -1 -1 -1 -1 -1 -1 -1 -1 -1 -1 -1 6 -1 -1 -1 -1 -1 -1 -1 -1 -1 -1 -1 -1 -1 
-1 -1 -1 -1 -1 -1 -1 -1 -1 -1 -1 -1 -1 -1 -1 -1 -1 -1 -1 -1 -1 -1 -1 -1 -1 -1 -1 -1 -1 -1 -1 -1 -1 -1 -1 -1 106 -1 -1 -1 -1 -1 -1 -1 -1 -1 -1 -1 -1 -1 
-1 -1 -1 -1 -1 -1 -1 -1 -1 -1 -1 -1 -1 -1 -1 -1 -1 -1 -1 -1 -1 -1 -1 -1 -1 -1 -1 -1 -1 -1 -1 -1 -1 -1 -1 -1 126 -1 -1 -1 -1 -1 -1 -1 -1 -1 -1 -1 -1 -1 
-1 -1 -1 -1 -1 -1 -1 -1 -1 -1 -1 -1 -1 -1 -1 -1 -1 -1 -1 -1 -1 -1 -1 -1 -1 -1 -1 -1 -1 -1 -1 -1 -1 -1 -1 -1 30 -1 -1 -1 -1 -1 -1 -1 -1 -1 -1 -1 -1 -1 
-1 -1 -1 -1 -1 -1 -1 -1 -1 -1 -1 -1 -1 -1 -1 -1 -1 -1 -1 -1 -1 -1 -1 -1 -1 -1 -1 -1 -1 -1 -1 -1 -1 -1 -1 -1 -1 88 -1 -1 -1 -1 -1 -1 -1 -1 -1 -1 -1 -1 
-1 -1 -1 -1 -1 -1 -1 -1 -1 -1 -1 -1 -1 -1 -1 -1 -1 -1 -1 -1 -1 -1 -1 -1 -1 -1 -1 -1 -1 -1 -1 -1 -1 -1 -1 -1 -1 -1 59 49 31 10 115 16 14 80 -1 -1 -1 -1 
-1 -1 -1 -1 -1 -1 -1 -1 -1 -1 -1 -1 -1 -1 -1 -1 -1 -1 -1 -1 -1 -1 -1 -1 -1 -1 -1 -1 -1 -1 -1 -1 -1 -1 -1 -1 -1 -1 -1 -1 -1 -1 -1 -1 -1 -1 15 -1 -1 -1 
-1 -1 -1 -1 -1 -1 -1 -1 -1 -1 -1 -1 -1 -1 -1 -1 -1 -1 -1 -1 -1 -1 -1 -1 -1 -1 -1 -1 -1 -1 -1 -1 -1 -1 -1 -1 -1 -1 -1 -1 -1 -1 -1 -1 -1 -1 8 -1 -1 -1 
-1 -1 -1 -1 -1 -1 -1 -1 -1 -1 -1 -1 -1 -1 -1 -1 -1 -1 -1 -1 -1 -1 -1 -1 -1 -1 -1 -1 -1 -1 -1 -1 -1 -1 -1 -1 -1 -1 -1 -1 -1 -1 -1 -1 -1 -1 6 -1 -1 -1 
-1 -1 -1 -1 -1 -1 -1 -1 -1 -1 -1 -1 -1 -1 -1 -1 -1 -1 -1 -1 -1 -1 -1 -1 -1 -1 -1 -1 -1 -1 -1 -1 -1 -1 -1 -1 -1 -1 -1 -1 -1 -1 -1 -1 -1 -1 127 -1 -1 -1 
-1 -1 -1 -1 -1 -1 -1 -1 -1 -1 -1 -1 -1 -1 -1 -1 -1 -1 -1 -1 -1 -1 -1 -1 -1 -1 -1 -1 -1 -1 -1 -1 -1 -1 -1 -1 -1 -1 -1 -1 -1 -1 -1 -1 -1 -1 34 -1 -1 -1 
-1 -1 -1 -1 -1 -1 -1 -1 -1 -1 -1 -1 -1 -1 -1 -1 -1 -1 -1 -1 -1 -1 -1 -1 -1 -1 -1 -1 -1 -1 -1 -1 -1 -1 -1 -1 -1 -1 -1 -1 -1 -1 -1 -1 -1 -1 100 -1 -1 -1 
-1 -1 -1 -1 -1 -1 -1 -1 -1 -1 -1 -1 -1 -1 -1 -1 -1 -1 -1 -1 -1 -1 -1 -1 -1 -1 -1 -1 -1 -1 -1 -1 -1 -1 -1 -1 -1 -1 -1 -1 -1 -1 -1 -1 -1 -1 6 -1 -1 -1 
-1 -1 -1 -1 -1 -1 -1 -1 -1 -1 -1 -1 -1 -1 -1 -1 -1 -1 -1 -1 -1 -1 -1 -1 -1 -1 -1 -1 -1 -1 -1 -1 -1 -1 -1 -1 -1 -1 -1 -1 -1 -1 -1 -1 -1 -1 110 -1 -1 -1 
-1 -1 -1 -1 -1 -1 -1 -1 -1 -1 -1 -1 -1 -1 -1 -1 -1 -1 -1 -1 -1 -1 -1 -1 -1 -1 -1 -1 -1 -1 -1 -1 -1 -1 -1 -1 -1 -1 -1 -1 -1 -1 -1 -1 -1 -1 -1 26 -1 -1 
-1 -1 -1 -1 -1 -1 -1 -1 -1 -1 -1 -1 -1 -1 -1 -1 -1 -1 -1 -1 -1 -1 -1 -1 -1 -1 -1 -1 -1 -1 -1 -1 -1 -1 -1 -1 -1 -1 -1 -1 -1 -1 -1 -1 -1 -1 -1 -1 107 -1 
-1 -1 -1 -1 -1 -1 -1 -1 -1 -1 -1 -1 -1 -1 -1 -1 -1 -1 -1 -1 -1 -1 -1 -1 -1 -1 -1 -1 -1 -1 -1 -1 -1 -1 -1 -1 -1 -1 -1 -1 -1 -1 -1 -1 -1 -1 -1 -1 -1 104 
-1 -1 -1 -1 -1 -1 -1 -1 -1 -1 -1 -1 -1 -1 -1 -1 -1 -1 -1 -1 -1 -1 -1 -1 -1 -1 -1 -1 -1 -1 -1 -1 -1 -1 -1 -1 -1 -1 -1 -1 -1 -1 -1 -1 -1 -1 -1 -1 -1 -1 
