40 64
0.03 0.06 0.06 0.05 0.04 0.06 0.04 0.05 0.05 0.07 0.06 0.04 0.04 0.03 0.06 0.03 0.04 0.04 0.04 0.05 0.04 0.05 0.04 0.05 0.05 0.04 0.06 0.04 0.05 0.03 0.06 0.05 0.03 0.06 0.07 0.06 0.05 0.05 0.05 0.04 0.04 0.04 0.05 0.04 0.03 0.06 0.07 0.06 0.04 0.06 0.05 0.03 0.03 0.05 0.04 0.07 0.04 0.05 0.07 0.04 0.06 0.07 0.06 0.06
0.83 1.0 1.2 1.1 0.93 0.97 0.88 0.98 0.98 0.9 0.84 1.14 1.11 0.83 1.1 0.82 0.9 1.02 0.98 0.91 1.14 1.02 1.03 1.17 0.86 0.88 1.02 0.94 0.92 0.94 1.02 1.02 1.13 0.97 0.92 1.16 0.88 1.04 1.14 0.99 1.18 0.81 0.83 1.06 1.04 1.08 1.14 0.86 0.91 1.0 0.85 0.89 0.86 0.98 0.9 1.11 0.84 1.17 0.84 1.12 0.87 1.08 1.1 1.18
2.75 2.59 2.72 2.61 2.51 2.56 2.99 2.78 2.94 2.51 2.97 2.7 2.55 2.7 2.87 2.89 2.79 2.62 2.8 2.98 2.65 2.79 2.94 2.79 3.0 2.61 2.91 2.78 2.89 2.95 2.74 2.52 2.56 2.61 2.62 2.57 2.76 2.83 2.98 2.52 2.88 2.9 2.93 2.82 2.69 2.79 2.63 2.93 2.84 2.65 2.94 2.68 2.69 2.74 2.99 2.76 2.75 2.68 2.74 2.88 2.82 2.55 2.91 2.84
0.35 0.24 0.49 0.9 0.5 0.35 0.35 0.97 0.26 0.45 0.75 0.2 0.85 0.43 0.23 0.26 0.22 0.05 0.07 0.16 0.44 0.61 0.52 0.13 0.42 0.62 0.7 0.12 0.48 0.37 0.91 0.43 0.29 0.27 0.41 0.46 0.91 0.61 0.6 0.37 0.36 0.33 0.1 0.4 0.25 0.2 0.63 0.44 0.12 0.5 0.9 0.31 0.74 0.65 0.24 0.47 0.19 0.79 0.22 0.35 0.15 0.19 0.02 0.82
1.0 1.0 1.0 1.0 1.0 1.0 1.0 1.0 1.0 1.0 1.0 1.0 1.0 1.0 1.0 1.0 1.0 1.0 1.0 1.0 1.0 1.0 1.0 1.0 1.0 1.0 1.0 1.0 1.0 1.0 1.0 1.0 1.0 1.0 1.0 1.0 1.0 1.0 1.0 1.0 1.0 1.0 1.0 1.0 1.0 1.0 1.0 1.0 1.0 1.0 1.0 1.0 1.0 1.0 1.0 1.0 1.0 1.0 1.0 1.0 1.0 1.0 1.0 1.0
74 47 28 45 40 13 50 85 22 77 33 21 13 78 81 42 90 95 40 94 94 55 78 99 10 62 54 84 25 55 37 82 35 85 85 17 14 45 18 51 76 88 40 19 11 18 86 49 28 37 75 76 30 24 42 28 45 87 96 65 34 33 90 86
74 80 51 68 95 96 61 15 13 58 22 19 21 90 55 97 98 91 84 44 65 89 93 14 85 47 77 11 48 13 75 88 88 36 85 91 46 17 81 70 95 95 77 14 19 47 88 50 79 19 24 81 44 63 98 21 72 84 96 59 99 18 82 87
63 94 70 12 82 73 64 82 69 87 60 90 80 91 15 67 67 68 43 37 93 24 70 44 81 20 71 39 20 22 11 35 19 81 29 70 36 78 51 78 27 30 72 62 25 24 85 72 73 21 12 44 85 10 10 33 45 38 27 89 11 65 44 69
95 60 70 12 16 10 22 94 19 35 24 46 24 70 70 88 84 61 55 18 58 14 39 51 53 96 52 12 56 95 70 94 23 44 24 57 39 89 99 60 42 98 82 12 31 75 23 85 27 79 22 50 99 15 35 47 56 35 58 88 53 42 84 42
49 64 40 48 72 44 41 74 99 65 97 39 24 86 69 63 30 85 94 41 70 57 92 82 52 51 62 54 80 57 30 51 32 19 13 92 53 24 21 91 44 64 69 91 47 32 99 64 68 73 97 56 28 86 82 54 46 79 19 69 88 30 90 23
87 53 93 76 18 43 28 33 94 24 38 25 95 44 82 87 83 17 62 35 29 57 35 98 57 64 76 19 15 65 77 22 25 92 17 27 65 98 60 82 30 13 56 89 50 65 31 27 79 28 86 96 66 99 79 89 38 96 37 97 36 81 30 75
57 24 95 24 60 16 60 81 91 13 57 45 62 18 72 75 79 68 89 94 81 81 98 49 58 22 53 74 95 58 68 78 59 72 77 52 54 51 16 21 41 17 71 89 93 26 93 86 81 59 57 66 40 62 83 57 73 94 35 97 16 93 30 11
90 90 78 50 59 87 24 89 59 86 97 28 92 46 51 38 74 60 55 84 93 53 22 33 51 21 23 63 37 34 73 49 18 11 36 16 43 78 57 80 18 11 19 97 97 41 54 86 51 93 67 46 90 90 72 23 72 13 18 92 84 49 37 90
61 49 44 25 20 93 91 19 38 43 24 21 34 57 78 90 10 34 59 54 97 19 20 44 59 54 11 78 78 71 79 18 43 66 40 52 58 88 24 45 73 61 14 17 64 28 13 67 49 54 32 49 41 49 27 44 78 89 57 92 33 67 31 72
31 12 12 25 44 45 53 61 64 16 46 76 22 93 13 67 21 71 76 22 79 48 39 48 22 35 55 92 45 56 14 28 21 75 55 45 98 82 31 82 69 93 87 25 27 89 19 63 36 69 99 30 21 58 43 86 14 61 63 93 13 36 30 46
91 83 31 98 99 59 86 39 72 15 74 46 43 80 76 12 64 59 41 25 33 14 30 61 46 90 91 20 49 42 70 71 45 76 19 51 88 85 97 21 38 15 94 82 96 56 48 80 19 89 55 76 44 78 88 36 99 92 64 23 30 16 65 28
77 74 31 26 12 90 88 68 42 71 87 93 72 74 27 46 58 32 54 60 64 15 25 41 85 38 27 84 27 51 92 77 33 36 74 85 78 81 46 68 95 32 93 24 85 13 77 95 84 49 69 36 81 14 44 58 95 52 89 85 66 55 94 78
75 33 33 97 26 51 52 75 59 16 92 43 11 79 49 77 51 45 45 37 23 40 53 76 90 30 34 70 67 75 78 98 77 28 49 52 88 82 15 27 94 14 94 52 23 51 28 49 53 95 92 21 63 10 61 19 48 70 69 15 78 94 25 32
41 88 71 38 84 41 53 76 83 72 48 56 44 19 71 67 70 43 78 85 37 52 67 18 64 42 27 24 35 85 88 34 41 48 36 54 29 48 29 82 23 80 96 76 28 82 69 92 73 54 89 90 72 39 40 16 76 95 49 42 74 59 64 73
79 30 63 73 54 84 97 72 23 55 51 17 37 83 84 27 94 82 60 64 40 51 93 55 28 10 19 28 27 19 12 83 41 48 90 86 41 73 62 39 78 88 12 41 23 40 80 56 26 79 63 63 98 94 75 57 29 37 63 32 26 10 91 34
62 95 55 85 61 87 40 83 12 54 88 94 91 65 67 23 24 33 74 21 84 62 40 92 52 65 29 78 78 36 99 48 63 54 34 48 18 32 52 79 32 24 32 72 57 80 69 32 85 59 66 38 80 27 23 25 91 60 85 40 71 34 73 93
99 75 96 76 57 15 60 20 94 61 18 41 83 60 28 65 77 15 36 40 11 80 40 58 47 69 60 27 40 78 31 32 80 26 96 44 95 39 57 40 20 78 73 13 32 21 20 98 31 43 78 94 51 62 69 95 27 80 87 30 20 51 60 21
12 75 15 76 48 84 22 11 79 99 92 45 57 96 70 83 68 78 90 79 20 90 57 86 79 72 62 71 38 12 69 26 98 20 19 59 60 89 18 80 27 44 19 32 72 87 10 97 44 76 97 36 29 99 44 91 48 18 35 52 89 15 97 92
20 12 43 85 13 81 95 49 17 65 68 50 41 71 23 53 23 35 14 63 96 29 15 80 88 64 11 55 58 60 16 22 99 36 32 75 70 16 52 62 89 18 91 12 11 68 33 21 35 43 41 12 74 53 81 88 82 60 42 27 72 81 52 13
35 64 57 37 52 81 52 66 15 24 60 48 77 44 46 29 45 98 22 68 82 96 32 21 38 62 56 31 91 53 95 53 13 63 67 89 99 97 34 26 89 37 44 51 76 81 86 66 11 74 16 44 36 16 94 57 42 90 70 19 36 74 51 76
19 14 37 29 53 89 82 29 27 33 55 65 93 48 24 92 84 13 39 57 11 45 76 84 58 26 88 48 39 46 76 60 76 40 46 23 79 25 51 15 21 28 88 31 45 65 26 57 14 26 32 79 81 81 63 74 48 58 55 91 36 89 80 94
63 85 90 40 73 51 78 59 66 35 72 22 82 73 78 92 28 55 21 99 86 45 78 52 86 95 30 61 50 72 60 12 98 39 53 77 36 11 44 42 34 47 53 64 56 80 26 22 47 63 77 39 23 29 43 26 97 38 84 65 17 10 43 43
10 41 57 12 94 21 26 29 23 61 29 63 24 12 78 37 32 52 23 94 92 64 37 67 87 22 26 51 63 62 71 96 83 77 63 76 67 96 87 74 68 64 14 28 62 71 86 61 77 50 62 27 22 10 43 94 76 45 38 55 47 34 48 54
80 58 52 43 85 59 75 63 30 66 74 67 75 45 93 78 74 27 53 14 18 49 72 40 39 29 56 65 40 34 92 22 57 90 41 67 77 79 39 37 49 69 43 92 80 17 97 80 38 79 63 76 36 25 20 75 82 10 44 94 88 81 42 79
54 60 43 98 32 85 41 11 80 80 93 23 78 78 94 41 33 34 54 52 62 18 90 94 76 85 83 77 77 82 57 94 29 39 55 96 64 37 66 54 23 15 50 98 44 34 92 37 76 20 74 88 13 96 93 29 47 44 87 76 39 12 20 91
12 98 17 82 93 26 94 34 94 39 39 54 56 99 68 89 58 15 41 40 61 30 11 26 79 29 89 45 54 93 65 85 67 52 61 25 88 17 29 60 17 81 54 82 53 93 48 48 21 64 96 69 57 55 65 85 13 17 21 38 11 20 51 94
12 18 16 77 14 81 37 11 18 43 94 52 30 74 93 51 26 87 68 30 65 19 76 71 17 33 51 50 76 19 60 77 46 99 29 22 59 38 82 60 56 17 32 64 62 51 51 91 87 89 96 52 64 51 67 93 28 89 20 56 35 64 17 99
20 96 17 78 97 48 46 83 19 10 59 35 96 95 84 60 25 66 55 33 26 17 36 16 38 96 34 86 47 60 29 26 20 29 27 98 32 41 30 55 93 10 56 79 83 87 30 85 68 58 63 64 85 85 55 68 63 25 62 45 84 46 30 51
59 69 15 66 27 35 69 43 55 88 76 41 59 18 28 22 14 80 44 32 30 38 79 68 90 16 21 79 43 96 32 27 59 11 16 35 91 33 86 81 90 84 54 15 38 88 60 67 85 49 11 86 18 66 37 48 23 65 45 75 62 40 84 92
27 31 95 45 83 69 22 35 49 98 77 58 54 50 81 52 89 86 42 47 81 38 79 60 82 12 22 90 18 46 36 58 45 75 45 78 55 38 53 75 97 97 44 30 51 54 89 29 69 63 87 71 66 49 79 34 14 31 58 96 58 78 21 81
80 86 25 94 93 81 37 26 31 34 41 28 25 19 90 47 23 49 57 73 44 16 62 45 17 39 39 83 76 50 78 31 35 18 56 27 97 18 72 74 96 51 10 22 84 26 12 41 55 50 57 34 83 26 71 16 84 58 31 84 47 78 99 83
70 84 57 85 22 19 23 51 54 47 68 53 85 90 66 77 87 73 30 44 40 91 10 49 52 42 38 42 24 22 30 99 62 87 71 75 58 66 69 55 28 57 16 44 96 50 53 33 91 15 73 81 96 95 95 76 83 27 35 10 57 13 81 56
83 96 31 53 66 73 31 20 56 58 20 34 14 29 60 58 43 16 79 39 35 61 55 24 20 43 26 77 92 53 35 53 49 47 77 40 26 84 83 38 43 43 56 55 58 63 42 72 73 30 25 88 54 66 77 64 67 62 82 23 52 10 29 94
82 79 30 64 35 97 94 75 63 36 88 26 65 58 30 48 11 37 58 80 19 39 29 37 54 81 53 42 26 80 85 13 78 46 30 20 52 85 69 29 80 56 32 39 38 49 31 31 92 50 18 95 57 93 55 32 25 39 78 85 75 67 21 69
86 68 34 91 98 62 65 39 21 42 29 99 82 62 24 64 87 20 95 21 88 26 62 55 67 88 74 75 52 33 89 38 40 47 82 93 62 21 85 23 32 93 82 25 73 38 70 73 38 53 89 28 43 75 30 66 98 44 72 55 77 94 40 67
33 35 76 20 85 29 75 55 75 68 45 84 95 30 24 65 42 60 51 52 12 93 13 24 29 77 48 24 18 88 80 17 94 68 30 41 34 86 77 54 21 23 92 63 17 79 45 25 24 71 46 76 70 37 25 99 14 76 76 57 17 26 49 85
98 34 31 98 54 92 79 24 98 66 61 36 66 56 72 74 62 80 52 71 56 36 84 62 71 88 93 37 55 42 86 48 81 35 51 62 72 94 18 85 43 18 42 40 80 86 29 15 58 75 10 97 66 41 80 26 90 74 47 91 86 28 49 11
27 65 66 23 44 25 75 66 31 76 16 25 27 70 40 37 16 92 48 36 72 46 83 10 95 20 51 23 97 23 88 60 20 40 23 35 41 82 69 73 40 78 45 73 49 88 38 38 71 79 81 72 31 56 70 40 73 55 67 63 92 58 32 77
96 67 92 98 37 44 77 83 71 73 85 96 67 73 27 11 93 61 42 71 89 30 56 21 92 17 46 22 71 18 72 31 84 91 81 36 38 73 22 51 70 11 84 29 24 95 41 16 35 70 39 20 48 32 81 94 75 96 53 90 18 42 87 10
0 0 0 0 0 0 0 0 0 0 0 0 0 0 0 0 0 0 0 0 0 0 0 0 0 0 0 0 0 0 0 0 0 0 0 0 0 0 0 0 0 0 0 0 0 0 0 0 0 0 0 0 0 0 0 0 0 0 0 0 0 0 0 0
-1 82 27 -1 -1 -1 -1 -1 -1 -1 -1 -1 -1 -1 -1 -1 -1 -1 -1 -1 -1 -1 -1 -1 -1 -1 -1 -1 -1 -1 -1 -1 -1 -1 -1 -1 -1 -1 -1 -1
-1 -1 -1 20 51 -1 -1 -1 -1 -1 -1 -1 -1 -1 -1 -1 -1 -1 -1 -1 -1 -1 -1 -1 -1 -1 -1 -1 -1 -1 -1 -1 -1 -1 -1 -1 -1 -1 -1 -1
-1 -1 -1 -1 -1 94 72 -1 -1 -1 -1 -1 -1 -1 -1 -1 -1 -1 -1 -1 -1 -1 -1 -1 -1 -1 -1 -1 -1 -1 -1 -1 -1 -1 -1 -1 -1 -1 -1 -1
-1 -1 -1 -1 -1 -1 -1 16 47 -1 -1 -1 -1 -1 -1 -1 -1 -1 -1 -1 -1 -1 -1 -1 -1 -1 -1 -1 -1 -1 -1 -1 -1 -1 -1 -1 -1 -1 -1 -1
-1 -1 -1 -1 -1 -1 -1 -1 -1 57 27 -1 -1 -1 -1 -1 -1 -1 -1 -1 -1 -1 -1 -1 -1 -1 -1 -1 -1 -1 -1 -1 -1 -1 -1 -1 -1 -1 -1 -1
-1 -1 -1 -1 -1 -1 -1 -1 -1 -1 -1 88 40 -1 -1 -1 -1 -1 -1 -1 -1 -1 -1 -1 -1 -1 -1 -1 -1 -1 -1 -1 -1 -1 -1 -1 -1 -1 -1 -1
-1 -1 -1 -1 -1 -1 -1 -1 -1 -1 -1 -1 -1 40 19 -1 -1 -1 -1 -1 -1 -1 -1 -1 -1 -1 -1 -1 -1 -1 -1 -1 -1 -1 -1 -1 -1 -1 -1 -1
-1 -1 -1 -1 -1 -1 -1 -1 -1 -1 -1 -1 -1 -1 -1 13 54 -1 -1 -1 -1 -1 -1 -1 -1 -1 -1 -1 -1 -1 -1 -1 -1 -1 -1 -1 -1 -1 -1 -1
-1 -1 -1 -1 -1 -1 -1 -1 -1 -1 -1 -1 -1 -1 -1 91 91 -1 -1 -1 -1 -1 -1 -1 -1 -1 -1 -1 -1 -1 -1 -1 -1 -1 -1 -1 -1 -1 -1 -1
-1 -1 -1 -1 -1 -1 -1 -1 -1 -1 -1 -1 -1 -1 -1 -1 -1 31 60 -1 -1 -1 -1 -1 -1 -1 -1 -1 -1 -1 -1 -1 -1 -1 -1 -1 -1 -1 -1 -1
-1 -1 -1 -1 -1 -1 -1 -1 -1 -1 -1 -1 -1 -1 -1 -1 -1 75 77 -1 -1 -1 -1 -1 -1 -1 -1 -1 -1 -1 -1 -1 -1 -1 -1 -1 -1 -1 -1 -1
-1 -1 -1 -1 -1 -1 -1 -1 -1 -1 -1 -1 -1 -1 -1 -1 -1 -1 -1 20 70 -1 -1 -1 -1 -1 -1 -1 -1 -1 -1 -1 -1 -1 -1 -1 -1 -1 -1 -1
-1 -1 -1 -1 -1 -1 -1 -1 -1 -1 -1 -1 -1 -1 -1 -1 -1 -1 -1 21 91 -1 -1 -1 -1 -1 -1 -1 -1 -1 -1 -1 -1 -1 -1 -1 -1 -1 -1 -1
-1 -1 -1 -1 -1 -1 -1 -1 -1 -1 -1 -1 -1 -1 -1 -1 -1 -1 -1 -1 -1 92 74 -1 -1 -1 -1 -1 -1 -1 -1 -1 -1 -1 -1 -1 -1 -1 -1 -1
-1 -1 -1 -1 -1 -1 -1 -1 -1 -1 -1 -1 -1 -1 -1 -1 -1 -1 -1 -1 -1 40 59 -1 -1 -1 -1 -1 -1 -1 -1 -1 -1 -1 -1 -1 -1 -1 -1 -1
-1 -1 -1 -1 -1 -1 -1 -1 -1 -1 -1 -1 -1 -1 -1 -1 -1 -1 -1 -1 -1 -1 -1 38 -1 85 -1 -1 -1 -1 -1 -1 -1 -1 -1 -1 -1 -1 -1 -1
-1 -1 -1 -1 -1 -1 -1 -1 -1 -1 -1 -1 -1 -1 -1 -1 -1 -1 -1 -1 -1 -1 -1 -1 100 -1 72 -1 -1 -1 -1 -1 -1 -1 -1 -1 -1 -1 -1 -1
-1 -1 -1 -1 -1 -1 -1 -1 -1 -1 -1 -1 -1 -1 -1 -1 -1 -1 -1 -1 -1 -1 -1 29 -1 29 -1 -1 -1 -1 -1 -1 -1 -1 -1 -1 -1 -1 -1 -1
-1 -1 -1 -1 -1 -1 -1 -1 -1 -1 -1 -1 -1 -1 -1 -1 -1 -1 -1 -1 -1 -1 -1 -1 26 -1 37 -1 -1 -1 -1 -1 -1 -1 -1 -1 -1 -1 -1 -1
-1 -1 -1 -1 -1 -1 -1 -1 -1 -1 -1 -1 -1 -1 -1 -1 -1 -1 -1 -1 -1 -1 -1 -1 -1 -1 -1 79 -1 87 -1 -1 -1 -1 -1 -1 -1 -1 -1 -1
-1 -1 -1 -1 -1 -1 -1 -1 -1 -1 -1 -1 -1 -1 -1 -1 -1 -1 -1 -1 -1 -1 -1 -1 -1 -1 -1 -1 95 -1 49 -1 -1 -1 -1 -1 -1 -1 -1 -1
-1 -1 -1 -1 -1 -1 -1 -1 -1 -1 -1 -1 -1 -1 -1 -1 -1 -1 -1 -1 -1 -1 -1 -1 -1 -1 -1 40 -1 35 -1 -1 -1 -1 -1 -1 -1 -1 -1 -1
-1 -1 -1 -1 -1 -1 -1 -1 -1 -1 -1 -1 -1 -1 -1 -1 -1 -1 -1 -1 -1 -1 -1 -1 -1 -1 -1 -1 39 -1 31 -1 -1 -1 -1 -1 -1 -1 -1 -1
-1 -1 -1 -1 -1 -1 -1 -1 -1 -1 -1 -1 -1 -1 -1 -1 -1 -1 -1 -1 -1 -1 -1 -1 -1 -1 -1 -1 -1 -1 -1 80 -1 -1 -1 91 -1 -1 -1 -1
-1 -1 -1 -1 -1 -1 -1 -1 -1 -1 -1 -1 -1 -1 -1 -1 -1 -1 -1 -1 -1 -1 -1 -1 -1 -1 -1 -1 -1 -1 -1 -1 37 -1 -1 -1 64 -1 -1 -1
-1 -1 -1 -1 -1 -1 -1 -1 -1 -1 -1 -1 -1 -1 -1 -1 -1 -1 -1 -1 -1 -1 -1 -1 -1 -1 -1 -1 -1 -1 -1 -1 -1 46 -1 -1 -1 92 -1 -1
-1 -1 -1 -1 -1 -1 -1 -1 -1 -1 -1 -1 -1 -1 -1 -1 -1 -1 -1 -1 -1 -1 -1 -1 -1 -1 -1 -1 -1 -1 -1 -1 -1 -1 72 -1 -1 -1 49 -1
-1 -1 -1 -1 -1 -1 -1 -1 -1 -1 -1 -1 -1 -1 -1 -1 -1 -1 -1 -1 -1 -1 -1 -1 -1 -1 -1 -1 -1 -1 -1 21 -1 -1 -1 49 -1 -1 -1 -1
-1 -1 -1 -1 -1 -1 -1 -1 -1 -1 -1 -1 -1 -1 -1 -1 -1 -1 -1 -1 -1 -1 -1 -1 -1 -1 -1 -1 -1 -1 -1 -1 34 -1 -1 -1 62 -1 -1 -1
-1 -1 -1 -1 -1 -1 -1 -1 -1 -1 -1 -1 -1 -1 -1 -1 -1 -1 -1 -1 -1 -1 -1 -1 -1 -1 -1 -1 -1 -1 -1 -1 -1 81 -1 -1 -1 68 -1 -1
-1 -1 -1 -1 -1 -1 -1 -1 -1 -1 -1 -1 -1 -1 -1 -1 -1 -1 -1 -1 -1 -1 -1 -1 -1 -1 -1 -1 -1 -1 -1 -1 -1 -1 85 -1 -1 -1 21 -1
-1 -1 -1 -1 -1 -1 -1 -1 -1 -1 -1 -1 -1 -1 -1 -1 -1 -1 -1 -1 -1 -1 -1 -1 -1 -1 -1 -1 -1 -1 -1 -1 -1 -1 -1 -1 -1 -1 -1 0
-1 -1 -1 -1 -1 -1 -1 -1 -1 -1 -1 -1 -1 -1 -1 -1 -1 -1 -1 -1 -1 -1 -1 -1 -1 -1 -1 -1 -1 -1 -1 -1 -1 -1 -1 -1 -1 -1 -1 0
-1 -1 -1 -1 -1 -1 -1 -1 -1 -1 -1 -1 -1 -1 -1 -1 -1 -1 -1 -1 -1 -1 -1 -1 -1 -1 -1 -1 -1 -1 -1 -1 -1 -1 -1 -1 -1 -1 -1 0
-1 -1 -1 -1 -1 -1 -1 -1 -1 -1 -1 -1 -1 -1 -1 -1 -1 -1 -1 -1 -1 -1 -1 -1 -1 -1 -1 -1 -1 -1 -1 -1 -1 -1 -1 -1 -1 -1 -1 0
-1 -1 -1 -1 -1 -1 -1 -1 -1 -1 -1 -1 -1 -1 -1 -1 -1 -1 -1 -1 -1 -1 -1 -1 -1 -1 -1 -1 -1 -1 -1 -1 -1 -1 -1 -1 -1 -1 -1 0
-1 -1 -1 -1 -1 -1 -1 -1 -1 -1 -1 -1 -1 -1 -1 -1 -1 -1 -1 -1 -1 -1 -1 -1 -1 -1 -1 -1 -1 -1 -1 -1 -1 -1 -1 -1 -1 -1 -1 0
-1 -1 -1 -1 -1 -1 -1 -1 -1 -1 -1 -1 -1 -1 -1 -1 -1 -1 -1 -1 -1 -1 -1 -1 -1 -1 -1 -1 -1 -1 -1 -1 -1 -1 -1 -1 -1 -1 -1 0
-1 -1 -1 -1 -1 -1 -1 -1 -1 -1 -1 -1 -1 -1 -1 -1 -1 -1 -1 -1 -1 -1 -1 -1 -1 -1 -1 -1 -1 -1 -1 -1 -1 -1 -1 -1 -1 -1 -1 0
-1 -1 -1 -1 -1 -1 -1 -1 -1 -1 -1 -1 -1 -1 -1 -1 -1 -1 -1 -1 -1 -1 -1 -1 -1 -1 -1 -1 -1 -1 -1 -1 -1 -1 -1 -1 -1 -1 -1 -1
