50 32
91 25 96 93 114 44 37 23 9 14 82 2 37 71 91 96 7 86 84 73 109 47 15 16 127 37 67 101 10 124 67 100 
20 34 65 5 77 101 27 86 115 109 87 23 51 49 118 58 6 73 2 114 119 16 2 118 53 68 90 62 63 28 34 82 
62 98 87 10 70 113 95 56 93 53 78 16 101 68 73 106 12 74 92 3 89 93 120 13 32 81 75 94 109 108 47 42 
77 5 51 18 118 18 74 82 70 23 97 43 90 41 20 102 114 111 104 75 75 95 87 106 47 33 71 27 12 118 68 88 
122 119 106 111 8 51 65 77 73 33 119 35 74 11 8 59 121 111 5 68 77 92 45 123 124 116 22 8 105 89 95 98 
79 72 81 86 122 17 35 67 49 25 101 122 35 108 53 28 90 57 95 38 20 11 32 16 126 53 23 102 14 117 72 92 
61 24 50 54 40 84 120 88 108 92 82 15 71 6 42 32 62 8 69 82 18 101 97 16 25 119 117 38 107 60 2 39 
83 51 93 122 6 84 82 113 48 35 127 118 40 40 22 101 47 90 54 65 62 22 80 87 12 68 124 119 128 125 29 82 
47 121 76 52 77 29 37 124 63 35 113 102 75 6 74 121 96 128 57 29 21 8 115 33 76 111 23 75 107 51 28 26 
44 103 77 120 3 113 115 65 20 99 38 94 105 112 86 72 111 15 100 3 22 87 35 97 69 57 43 47 108 71 72 23 
45 21 14 48 5 128 112 24 98 22 117 74 5 75 17 115 89 117 117 110 75 24 79 15 80 121 61 59 63 5 81 108 
25 94 27 29 93 10 53 63 31 41 8 35 115 25 21 75 13 10 57 87 33 7 101 112 127 33 43 62 37 123 41 61 
89 67 90 53 76 14 115 107 54 123 13 41 19 34 115 31 43 43 117 75 49 89 58 48 121 100 109 30 95 21 90 55 
87 51 107 34 64 94 12 118 88 25 30 106 58 16 8 100 59 124 46 107 84 103 26 76 75 6 105 41 26 67 95 112 
117 73 18 53 38 29 42 125 53 71 102 110 86 109 81 16 104 126 123 59 101 20 7 47 26 111 87 51 49 53 35 38 
125 52 90 35 80 3 31 5 73 5 114 30 113 67 46 89 64 40 19 36 59 25 82 84 8 40 7 56 92 41 93 89 
92 54 123 43 56 25 47 128 29 33 30 14 99 75 102 34 114 120 70 44 17 23 128 24 63 6 79 26 46 44 114 9 
97 108 51 25 5 98 24 33 2 53 46 100 127 19 5 112 11 74 28 27 97 27 50 31 32 128 56 77 43 42 85 12 
21 7 36 25 104 59 58 105 112 103 76 110 122 81 94 4 26 121 30 122 19 79 24 50 78 80 126 121 121 82 4 13 
88 39 38 64 97 95 40 80 69 116 62 62 68 27 65 93 19 94 87 37 44 110 86 122 61 83 114 53 36 117 66 123 
27 103 58 123 69 98 75 9 85 8 71 24 34 7 116 52 101 74 88 16 56 45 9 116 127 122 41 34 110 106 28 8 
80 86 3 20 55 77 28 11 84 98 34 117 105 21 40 77 95 127 92 22 43 101 9 41 94 49 74 76 26 101 83 105 
58 85 124 112 33 24 122 116 121 27 104 97 48 15 45 14 13 9 35 55 109 43 95 74 92 40 21 117 13 104 94 70 
60 89 54 93 112 47 80 105 74 56 73 121 70 118 6 83 126 40 9 106 82 104 51 45 15 72 34 27 47 127 97 106 
87 22 70 71 68 22 47 13 77 119 5 18 108 10 100 105 49 109 82 3 84 5 47 98 76 80 125 122 78 93 99 37 
114 41 107 53 62 25 66 10 15 70 27 123 80 127 99 128 107 53 2 62 57 49 31 4 128 27 125 78 119 95 114 104 
7 92 29 68 116 94 77 2 35 104 124 114 102 95 114 80 19 115 13 75 35 43 78 35 70 74 112 60 40 97 36 47 
60 64 114 47 29 63 48 63 38 44 49 11 10 34 90 28 20 102 102 55 16 51 89 85 124 72 17 35 40 52 81 99 
115 67 17 15 1 64 77 38 107 125 48 116 30 9 15 50 110 116 104 125 38 64 82 33 7 98 68 46 21 20 16 7 
86 32 21 86 95 97 123 74 94 42 61 123 50 76 44 31 63 19 28 101 82 109 5 88 78 72 5 98 92 20 104 49 
51 124 7 18 92 1 91 57 43 23 52 92 98 95 123 33 114 22 5 67 2 9 27 79 81 31 48 44 51 23 92 101 
18 98 118 109 99 80 38 13 103 89 104 72 55 98 104 40 119 108 107 120 117 5 70 69 35 117 112 85 11 75 58 28 
45 47 9 15 127 46 27 101 6 2 44 60 100 20 100 90 127 78 82 115 82 23 55 116 12 38 73 22 113 2 50 29 
48 58 43 46 103 69 18 108 70 62 39 41 81 10 3 79 87 84 66 40 106 120 28 117 30 100 11 14 101 60 42 20 
117 84 66 91 24 83 70 93 16 108 6 96 118 8 47 76 91 112 116 68 103 15 57 4 114 67 17 86 126 58 105 114 
13 42 76 36 125 17 1 12 124 6 108 113 13 26 61 103 9 48 42 111 62 98 115 47 36 3 4 33 61 108 18 73 
22 93 109 18 109 109 29 105 114 8 89 126 33 21 100 41 68 13 24 1 111 10 47 18 12 50 51 72 30 68 17 51 
33 125 68 13 105 96 117 90 104 78 87 8 98 58 49 38 70 72 38 52 81 85 70 92 6 120 36 35 59 52 85 91 
48 24 104 24 120 92 113 95 41 71 102 11 128 22 48 69 93 85 121 45 41 62 9 47 53 44 81 111 95 38 74 14 
61 49 37 52 12 21 18 53 91 120 63 90 13 110 30 106 66 22 22 107 83 30 25 7 73 105 118 39 14 63 52 75 
111 88 126 122 108 16 46 70 7 108 31 19 89 61 124 27 82 18 5 37 47 29 43 120 5 32 30 19 94 82 93 76 
41 90 70 21 105 115 90 111 95 121 2 55 53 125 81 6 14 85 42 61 113 85 52 118 116 81 8 82 34 100 29 75 
61 98 95 38 85 56 20 51 48 21 105 100 18 58 106 31 14 19 91 127 103 14 116 91 95 123 44 128 94 72 74 26 
42 40 63 126 96 83 48 15 103 24 115 120 81 92 23 95 110 113 93 85 127 80 47 93 74 90 92 39 33 38 64 74 
77 127 71 44 81 118 59 55 14 45 47 94 8 69 60 117 53 24 73 51 103 119 15 48 80 107 86 113 16 22 58 92 
20 1 8 100 118 66 26 3 110 72 97 117 12 28 105 65 52 50 115 26 40 2 74 120 108 31 104 123 52 33 86 71 
33 93 42 23 30 68 25 11 11 121 127 23 21 104 87 72 25 73 97 64 74 42 55 53 73 30 47 124 63 5 67 95 
97 108 117 127 47 14 9 58 6 8 80 26 111 38 97 7 110 66 70 56 107 125 108 51 26 27 47 88 31 113 55 127 
92 43 125 11 56 6 68 62 13 19 87 123 56 56 1 37 121 70 92 99 66 72 22 92 98 68 51 128 52 105 126 15 
20 123 25 75 128 92 8 12 110 95 6 37 22 6 74 14 75 37 112 13 108 5 104 77 72 26 76 123 3 74 10 22 
-1 -1 -1 -1 -1 -1 -1 -1 68 34 96 67 -1 -1 -1 -1 -1 126 -1 -1 -1 -1 104 -1 -1 -1 78 -1 -1 -1 -1 -1 -1 -1 -1 -1 -1 -1 107 -1 -1 -1 -1 -1 -1 -1 -1 -1 -1 -1 
-1 -1 -1 -1 -1 -1 -1 -1 -1 70 -1 -1 83 16 91 88 -1 -1 89 -1 -1 -1 -1 104 -1 -1 -1 -1 -1 -1 -1 -1 -1 34 -1 -1 -1 -1 -1 125 -1 -1 -1 -1 -1 -1 -1 -1 -1 -1 
-1 -1 -1 -1 -1 -1 -1 -1 -1 -1 -1 -1 87 -1 -1 46 105 -1 -1 -1 -1 -1 -1 -1 92 -1 -1 -1 -1 21 -1 -1 -1 -1 53 -1 -1 -1 -1 -1 35 -1 -1 -1 -1 -1 -1 -1 -1 -1 
-1 -1 -1 -1 -1 -1 -1 -1 -1 -1 -1 -1 -1 -1 -1 -1 -1 47 1 30 49 74 -1 -1 -1 -1 -1 39 -1 -1 70 -1 -1 -1 -1 -1 -1 -1 -1 -1 -1 13 -1 -1 -1 -1 -1 -1 -1 -1 
-1 -1 -1 -1 -1 -1 -1 -1 -1 -1 -1 -1 -1 -1 -1 -1 -1 -1 -1 72 -1 -1 37 79 69 12 -1 -1 -1 -1 -1 -1 -1 -1 -1 28 -1 -1 -1 -1 -1 -1 48 -1 -1 -1 -1 -1 -1 -1 
-1 -1 -1 -1 -1 -1 -1 -1 -1 -1 81 -1 -1 110 -1 -1 63 -1 -1 -1 43 -1 -1 -1 -1 -1 69 23 18 -1 -1 102 -1 -1 -1 -1 -1 -1 -1 -1 -1 -1 -1 19 -1 -1 -1 -1 -1 -1 
-1 -1 -1 -1 -1 -1 -1 -1 -1 -1 -1 -1 -1 -1 -1 -1 -1 -1 -1 -1 -1 105 -1 -1 -1 20 -1 -1 -1 123 68 40 48 -1 -1 -1 -1 -1 -1 -1 -1 -1 -1 -1 102 -1 -1 -1 -1 -1 
-1 -1 -1 -1 -1 -1 -1 -1 -1 -1 -1 86 -1 -1 48 -1 -1 -1 -1 -1 -1 -1 -1 -1 -1 -1 -1 -1 3 -1 -1 -1 6 121 41 75 -1 -1 -1 -1 -1 -1 -1 -1 -1 5 -1 -1 -1 -1 
-1 -1 -1 -1 -1 -1 -1 -1 -1 -1 -1 -1 -1 -1 -1 -1 -1 -1 -1 -1 -1 -1 -1 -1 -1 -1 -1 -1 -1 -1 -1 -1 -1 -1 -1 -1 113 -1 -1 -1 -1 -1 -1 -1 -1 -1 -1 -1 -1 -1 
-1 -1 -1 -1 -1 -1 -1 -1 -1 -1 -1 -1 -1 -1 -1 -1 -1 -1 -1 -1 -1 -1 -1 -1 -1 -1 -1 -1 -1 -1 -1 -1 -1 -1 -1 -1 112 -1 -1 -1 -1 -1 -1 -1 -1 -1 -1 -1 -1 -1 
-1 -1 -1 -1 -1 -1 -1 -1 -1 -1 -1 -1 -1 -1 -1 -1 -1 -1 -1 -1 -1 -1 -1 -1 -1 -1 -1 -1 -1 -1 -1 -1 -1 -1 -1 -1 83 -1 -1 -1 -1 -1 -1 -1 -1 -1 -1 -1 -1 -1 
-1 -1 -1 -1 -1 -1 -1 -1 -1 -1 -1 -1 -1 -1 -1 -1 -1 -1 -1 -1 -1 -1 -1 -1 -1 -1 -1 -1 -1 -1 -1 -1 -1 -1 -1 -1 53 -1 -1 -1 -1 -1 -1 -1 -1 -1 -1 -1 -1 -1 
-1 -1 -1 -1 -1 -1 -1 -1 -1 -1 -1 -1 -1 -1 -1 -1 -1 -1 -1 -1 -1 -1 -1 -1 -1 -1 -1 -1 -1 -1 -1 -1 -1 -1 -1 -1 123 -1 -1 -1 -1 -1 -1 -1 -1 -1 -1 -1 -1 -1 
-1 -1 -1 -1 -1 -1 -1 -1 -1 -1 -1 -1 -1 -1 -1 -1 -1 -1 -1 -1 -1 -1 -1 -1 -1 -1 -1 -1 -1 -1 -1 -1 -1 -1 -1 -1 110 -1 -1 -1 -1 -1 -1 -1 -1 -1 -1 -1 -1 -1 
-1 -1 -1 -1 -1 -1 -1 -1 -1 -1 -1 -1 -1 -1 -1 -1 -1 -1 -1 -1 -1 -1 -1 -1 -1 -1 -1 -1 -1 -1 -1 -1 -1 -1 -1 -1 100 -1 -1 -1 -1 -1 -1 -1 -1 -1 -1 -1 -1 -1 
-1 -1 -1 -1 -1 -1 -1 -1 -1 -1 -1 -1 -1 -1 -1 -1 -1 -1 -1 -1 -1 -1 -1 -1 -1 -1 -1 -1 -1 -1 -1 -1 -1 -1 -1 -1 76 -1 -1 -1 -1 -1 -1 -1 -1 -1 -1 -1 -1 -1 
-1 -1 -1 -1 -1 -1 -1 -1 -1 -1 -1 -1 -1 -1 -1 -1 -1 -1 -1 -1 -1 -1 -1 -1 -1 -1 -1 -1 -1 -1 -1 -1 -1 -1 -1 -1 91 -1 -1 -1 -1 -1 -1 -1 -1 -1 -1 -1 -1 -1 
-1 -1 -1 -1 -1 -1 -1 -1 -1 -1 -1 -1 -1 -1 -1 -1 -1 -1 -1 -1 -1 -1 -1 -1 -1 -1 -1 -1 -1 -1 -1 -1 -1 -1 -1 -1 34 -1 -1 -1 -1 -1 -1 -1 -1 -1 -1 -1 -1 -1 
-1 -1 -1 -1 -1 -1 -1 -1 -1 -1 -1 -1 -1 -1 -1 -1 -1 -1 -1 -1 -1 -1 -1 -1 -1 -1 -1 -1 -1 -1 -1 -1 -1 -1 -1 -1 118 -1 -1 -1 -1 -1 -1 -1 -1 -1 -1 -1 -1 -1 
-1 -1 -1 -1 -1 -1 -1 -1 -1 -1 -1 -1 -1 -1 -1 -1 -1 -1 -1 -1 -1 -1 -1 -1 -1 -1 -1 -1 -1 -1 -1 -1 -1 -1 -1 -1 31 -1 -1 -1 -1 -1 -1 -1 -1 -1 -1 -1 -1 -1 
-1 -1 -1 -1 -1 -1 -1 -1 -1 -1 -1 -1 -1 -1 -1 -1 -1 -1 -1 -1 -1 -1 -1 -1 -1 -1 -1 -1 -1 -1 -1 -1 -1 -1 -1 -1 56 -1 -1 -1 -1 -1 -1 -1 -1 -1 -1 -1 -1 -1 
-1 -1 -1 -1 -1 -1 -1 -1 -1 -1 -1 -1 -1 -1 -1 -1 -1 -1 -1 -1 -1 -1 -1 -1 -1 -1 -1 -1 -1 -1 -1 -1 -1 -1 -1 -1 8 -1 -1 -1 -1 -1 -1 -1 -1 -1 -1 -1 -1 -1 
-1 -1 -1 -1 -1 -1 -1 -1 -1 -1 -1 -1 -1 -1 -1 -1 -1 -1 -1 -1 -1 -1 -1 -1 -1 -1 -1 -1 -1 -1 -1 -1 -1 -1 -1 -1 4 -1 -1 -1 -1 -1 -1 -1 -1 -1 -1 -1 -1 -1 
-1 -1 -1 -1 -1 -1 -1 -1 -1 -1 -1 -1 -1 -1 -1 -1 -1 -1 -1 -1 -1 -1 -1 -1 -1 -1 -1 -1 -1 -1 -1 -1 -1 -1 -1 -1 75 -1 -1 -1 -1 -1 -1 -1 -1 -1 -1 -1 -1 -1 
-1 -1 -1 -1 -1 -1 -1 -1 -1 -1 -1 -1 -1 -1 -1 -1 -1 -1 -1 -1 -1 -1 -1 -1 -1 -1 -1 -1 -1 -1 -1 -1 -1 -1 -1 -1 112 -1 -1 -1 -1 -1 -1 -1 -1 -1 -1 -1 -1 -1 
-1 -1 -1 -1 -1 -1 -1 -1 -1 -1 -1 -1 -1 -1 -1 -1 -1 -1 -1 -1 -1 -1 -1 -1 -1 -1 -1 -1 -1 -1 -1 -1 -1 -1 -1 -1 23 -1 -1 -1 -1 -1 -1 -1 -1 -1 -1 -1 -1 -1 
-1 -1 -1 -1 -1 -1 -1 -1 -1 -1 -1 -1 -1 -1 -1 -1 -1 -1 -1 -1 -1 -1 -1 -1 -1 -1 -1 -1 -1 -1 -1 -1 -1 -1 -1 -1 69 -1 -1 -1 -1 -1 -1 -1 -1 -1 -1 -1 -1 -1 
-1 -1 -1 -1 -1 -1 -1 -1 -1 -1 -1 -1 -1 -1 -1 -1 -1 -1 -1 -1 -1 -1 -1 -1 -1 -1 -1 -1 -1 -1 -1 -1 -1 -1 -1 -1 51 -1 -1 -1 -1 -1 -1 -1 -1 -1 -1 -1 -1 -1 
-1 -1 -1 -1 -1 -1 -1 -1 -1 -1 -1 -1 -1 -1 -1 -1 -1 -1 -1 -1 -1 -1 -1 -1 -1 -1 -1 -1 -1 -1 -1 -1 -1 -1 -1 -1 63 -1 -1 -1 -1 -1 -1 -1 -1 -1 -1 -1 -1 -1 
-1 -1 -1 -1 -1 -1 -1 -1 -1 -1 -1 -1 -1 -1 -1 -1 -1 -1 -1 -1 -1 -1 -1 -1 -1 -1 -1 -1 -1 -1 -1 -1 -1 -1 -1 -1 116 -1 -1 -1 -1 -1 -1 -1 -1 -1 -1 -1 -1 -1 
-1 -1 -1 -1 -1 -1 -1 -1 -1 -1 -1 -1 -1 -1 -1 -1 -1 -1 -1 -1 -1 -1 -1 -1 -1 -1 -1 -1 -1 -1 -1 -1 -1 -1 -1 -1 24 -1 -1 -1 -1 -1 -1 -1 -1 -1 -1 -1 -1 -1 
-1 -1 -1 -1 -1 -1 -1 -1 -1 -1 -1 -1 -1 -1 -1 -1 -1 -1 -1 -1 -1 -1 -1 -1 -1 -1 -1 -1 -1 -1 -1 -1 -1 -1 -1 -1 20 -1 -1 -1 -1 -1 -1 -1 -1 -1 -1 -1 -1 -1 
-1 -1 -1 -1 -1 -1 -1 -1 -1 -1 -1 -1 -1 -1 -1 -1 -1 -1 -1 -1 -1 -1 -1 -1 -1 -1 -1 -1 -1 -1 -1 -1 -1 -1 -1 -1 35 -1 -1 -1 -1 -1 -1 -1 -1 -1 -1 -1 -1 -1 
-1 -1 -1 -1 -1 -1 -1 -1 -1 -1 -1 -1 -1 -1 -1 -1 -1 -1 -1 -1 -1 -1 -1 -1 -1 -1 -1 -1 -1 -1 -1 -1 -1 -1 -1 -1 27 -1 -1 -1 -1 -1 -1 -1 -1 -1 -1 -1 -1 -1 
-1 -1 -1 -1 -1 -1 -1 -1 -1 -1 -1 -1 -1 -1 -1 -1 -1 -1 -1 -1 -1 -1 -1 -1 -1 -1 -1 -1 -1 -1 -1 -1 -1 -1 -1 -1 26 -1 -1 -1 -1 -1 -1 -1 -1 -1 -1 -1 -1 -1 
-1 -1 -1 -1 -1 -1 -1 -1 -1 -1 -1 -1 -1 -1 -1 -1 -1 -1 -1 -1 -1 -1 -1 -1 -1 -1 -1 -1 -1 -1 -1 -1 -1 -1 -1 -1 27 -1 -1 -1 -1 -1 -1 -1 -1 -1 -1 -1 -1 -1 
-1 -1 -1 -1 -1 -1 -1 -1 -1 -1 -1 -1 -1 -1 -1 -1 -1 -1 -1 -1 -1 -1 -1 -1 -1 -1 -1 -1 -1 -1 -1 -1 -1 -1 -1 -1 -1 67 -1 -1 -1 -1 -1 -1 -1 -1 -1 -1 -1 -1 
-1 -1 -1 -1 -1 -1 -1 -1 -1 -1 -1 -1 -1 -1 -1 -1 -1 -1 -1 -1 -1 -1 -1 -1 -1 -1 -1 -1 -1 -1 -1 -1 -1 -1 -1 -1 -1 -1 100 31 51 83 113 104 78 94 -1 -1 -1 -1 
-1 -1 -1 -1 -1 -1 -1 -1 -1 -1 -1 -1 -1 -1 -1 -1 -1 -1 -1 -1 -1 -1 -1 -1 -1 -1 -1 -1 -1 -1 -1 -1 -1 -1 -1 -1 -1 -1 -1 -1 -1 -1 -1 -1 -1 -1 75 -1 -1 -1 
-1 -1 -1 -1 -1 -1 -1 -1 -1 -1 -1 -1 -1 -1 -1 -1 -1 -1 -1 -1 -1 -1 -1 -1 -1 -1 -1 -1 -1 -1 -1 -1 -1 -1 -1 -1 -1 -1 -1 -1 -1 -1 -1 -1 -1 -1 25 -1 -1 -1 
-1 -1 -1 -1 -1 -1 -1 -1 -1 -1 -1 -1 -1 -1 -1 -1 -1 -1 -1 -1 -1 -1 -1 -1 -1 -1 -1 -1 -1 -1 -1 -1 -1 -1 -1 -1 -1 -1 -1 -1 -1 -1 -1 -1 -1 -1 56 -1 -1 -1 
-1 -1 -1 -1 -1 -1 -1 -1 -1 -1 -1 -1 -1 -1 -1 -1 -1 -1 -1 -1 -1 -1 -1 -1 -1 -1 -1 -1 -1 -1 -1 -1 -1 -1 -1 -1 -1 -1 -1 -1 -1 -1 -1 -1 -1 -1 109 -1 -1 -1 
-1 -1 -1 -1 -1 -1 -1 -1 -1 -1 -1 -1 -1 -1 -1 -1 -1 -1 -1 -1 -1 -1 -1 -1 -1 -1 -1 -1 -1 -1 -1 -1 -1 -1 -1 -1 -1 -1 -1 -1 -1 -1 -1 -1 -1 -1 14 -1 -1 -1 
-1 -1 -1 -1 -1 -1 -1 -1 -1 -1 -1 -1 -1 -1 -1 -1 -1 -1 -1 -1 -1 -1 -1 -1 -1 -1 -1 -1 -1 -1 -1 -1 -1 -1 -1 -1 -1 -1 -1 -1 -1 -1 -1 -1 -1 -1 86 -1 -1 -1 
-1 -1 -1 -1 -1 -1 -1 -1 -1 -1 -1 -1 -1 -1 -1 -1 -1 -1 -1 -1 -1 -1 -1 -1 -1 -1 -1 -1 -1 -1 -1 -1 -1 -1 -1 -1 -1 -1 -1 -1 -1 -1 -1 -1 -1 -1 36 -1 -1 -1 
-1 -1 -1 -1 -1 -1 -1 -1 -1 -1 -1 -1 -1 -1 -1 -1 -1 -1 -1 -1 -1 -1 -1 -1 -1 -1 -1 -1 -1 -1 -1 -1 -1 -1 -1 -1 -1 -1 -1 -1 -1 -1 -1 -1 -1 -1 21 -1 -1 -1 
-1 -1 -1 -1 -1 -1 -1 -1 -1 -1 -1 -1 -1 -1 -1 -1 -1 -1 -1 -1 -1 -1 -1 -1 -1 -1 -1 -1 -1 -1 -1 -1 -1 -1 -1 -1 -1 -1 -1 -1 -1 -1 -1 -1 -1 -1 -1 90 -1 -1 
-1 -1 -1 -1 -1 -1 -1 -1 -1 -1 -1 -1 -1 -1 -1 -1 -1 -1 -1 -1 -1 -1 -1 -1 -1 -1 -1 -1 -1 -1 -1 -1 -1 -1 -1 -1 -1 -1 -1 -1 -1 -1 -1 -1 -1 -1 -1 -1 110 -1 
-1 -1 -1 -1 -1 -1 -1 -1 -1 -1 -1 -1 -1 -1 -1 -1 -1 -1 -1 -1 -1 -1 -1 -1 -1 -1 -1 -1 -1 -1 -1 -1 -1 -1 -1 -1 -1 -1 -1 -1 -1 -1 -1 -1 -1 -1 -1 -1 -1 4 
-1 -1 -1 -1 -1 -1 -1 -1 -1 -1 -1 -1 -1 -1 -1 -1 -1 -1 -1 -1 -1 -1 -1 -1 -1 -1 -1 -1 -1 -1 -1 -1 -1 -1 -1 -1 -1 -1 -1 -1 -1 -1 -1 -1 -1 -1 -1 -1 -1 -1 
