96 64
64 49 90 55 76 83 79 76 95 34 32 62 94 38 20 53 75 68 63 41 58 76 42 68 60 44 27 75 32 53 56 24 84 25 97 62 28 12 31 24 91 77 56 40 75 17 50 96 27 55 83 60 96 75 98 22 65 85 23 80 54 71 35 39 
25 73 59 76 64 68 29 22 31 40 28 67 35 29 27 92 43 48 78 98 45 91 14 99 13 67 16 48 41 43 44 69 62 46 50 18 44 32 37 64 59 95 36 87 83 39 86 17 14 60 52 78 46 98 85 11 75 87 31 58 42 26 86 19 
52 50 81 48 25 15 20 60 94 85 89 53 51 27 77 96 52 17 93 29 70 30 19 35 71 16 39 76 82 48 41 83 54 92 67 96 25 70 82 64 98 99 62 65 17 68 15 93 23 75 40 87 33 26 35 64 85 15 21 17 30 74 40 41 
28 37 60 11 30 35 38 68 50 58 77 61 27 41 37 42 29 87 77 91 78 15 52 60 49 18 83 98 94 84 45 56 31 28 72 70 89 48 43 11 94 85 86 34 25 22 75 52 55 94 67 62 33 35 57 79 74 14 43 45 39 59 48 17 
92 68 19 44 10 71 46 81 72 95 83 33 33 96 94 84 95 87 65 28 34 56 66 92 63 81 39 69 40 34 18 77 85 86 44 65 51 15 41 49 24 54 57 85 83 92 85 93 92 33 38 93 23 63 76 50 58 21 99 73 31 48 27 41 
90 85 11 75 21 53 29 58 61 27 37 39 94 22 80 60 96 78 48 47 65 16 41 86 92 99 26 40 13 82 56 80 54 79 67 15 46 38 40 10 58 96 75 31 59 23 79 95 54 53 65 60 41 67 26 80 57 81 95 69 28 26 68 28 
63 81 93 77 38 99 13 68 69 85 88 75 20 14 49 12 43 66 57 96 48 33 87 94 67 47 85 51 39 14 55 40 74 25 67 74 68 44 26 65 86 25 79 67 55 65 47 92 53 60 84 44 79 35 88 62 67 50 61 79 43 31 26 98 
87 48 12 85 91 58 10 35 14 24 44 90 24 10 29 29 28 44 41 93 44 42 69 44 63 92 55 78 53 15 83 99 68 73 72 97 75 38 86 74 58 10 12 11 81 32 85 24 66 93 58 65 94 17 22 14 58 99 17 25 50 45 43 41 
75 13 34 76 78 96 40 73 21 11 13 67 42 63 61 38 92 24 80 74 32 83 16 18 40 54 36 81 96 12 20 43 96 75 24 57 70 64 75 50 14 59 11 43 74 90 13 97 63 49 87 18 71 49 40 23 95 74 37 84 34 17 62 91 
19 96 75 19 33 93 87 47 30 20 79 14 89 27 38 87 13 28 94 43 95 52 72 64 97 23 28 60 56 94 92 32 21 83 40 14 26 13 78 62 68 64 94 39 95 58 94 76 13 98 72 37 57 55 35 56 19 99 83 89 82 94 14 45 
63 81 38 25 93 56 77 60 54 29 49 29 58 36 36 27 88 57 57 80 59 55 58 24 57 77 17 88 86 99 41 69 39 65 93 91 56 91 38 92 41 86 16 12 12 87 21 55 41 78 24 33 14 30 29 71 89 73 60 88 20 60 18 13 
38 16 54 62 56 79 24 67 46 63 84 77 66 33 81 57 57 47 35 35 57 89 84 77 10 23 49 95 24 67 64 51 73 68 84 36 49 66 97 16 89 76 56 11 33 72 42 42 60 50 81 83 30 77 27 42 42 86 84 58 23 78 90 83 
41 30 33 56 29 15 18 67 78 80 88 54 94 13 48 52 91 98 82 18 75 84 64 64 33 12 30 82 88 28 47 66 20 36 82 24 80 68 22 94 30 37 67 28 78 61 20 44 44 80 92 44 59 16 27 24 27 77 75 37 32 81 46 50 
89 18 74 16 29 86 98 47 21 56 18 87 99 50 46 46 57 13 44 90 56 17 51 12 81 39 41 19 58 97 52 79 70 48 15 77 53 48 66 90 75 97 49 62 91 74 29 16 73 31 16 20 12 80 18 51 53 79 17 92 15 55 46 77 
34 60 21 41 99 68 82 47 27 25 12 17 38 12 22 82 60 90 93 24 60 32 73 52 10 34 82 49 64 92 62 27 68 91 83 35 60 69 55 10 90 70 32 71 81 34 89 25 49 68 54 74 25 64 17 24 85 44 34 69 35 79 78 70 
71 83 69 95 68 24 23 54 46 98 89 21 52 88 80 73 35 95 66 74 89 42 90 63 15 63 45 77 52 73 97 78 62 11 12 13 67 81 66 80 82 40 91 38 35 39 73 12 29 70 89 98 43 21 60 27 46 62 68 56 23 76 37 46 
96 73 74 88 30 84 20 13 68 61 36 90 81 93 26 42 89 91 15 27 12 10 96 46 61 99 21 19 76 39 25 35 14 58 60 29 12 45 34 87 59 73 83 78 55 51 47 81 92 82 28 72 53 41 35 74 34 11 15 98 41 58 77 66 
60 11 23 55 98 95 89 42 20 33 99 73 54 93 84 44 80 64 92 87 35 39 47 27 13 70 76 30 56 91 60 25 83 76 62 25 49 42 17 60 88 10 45 23 44 50 72 14 48 56 62 78 28 44 24 57 50 91 32 65 31 15 34 42 
58 95 18 18 28 90 33 79 92 19 58 57 81 61 45 95 13 54 50 52 61 23 76 45 58 75 59 69 69 19 81 86 62 73 47 53 62 56 81 23 69 26 10 61 41 87 79 35 69 96 30 43 34 46 94 16 68 21 67 98 84 98 44 72 
15 78 63 40 39 13 48 19 22 94 95 28 99 74 22 70 65 23 83 68 70 58 53 62 39 27 43 72 13 36 50 36 89 85 43 10 83 49 32 51 59 56 49 86 23 53 54 80 30 61 21 89 39 91 41 66 83 54 13 82 85 39 86 97 
31 67 34 12 72 19 25 94 32 72 90 34 87 78 38 12 46 19 91 77 58 64 90 46 50 37 18 38 95 62 83 81 36 49 22 37 68 73 68 57 42 55 61 12 71 65 90 94 61 52 45 91 78 22 33 37 16 38 14 81 74 45 20 82 
16 17 92 72 33 41 29 43 40 24 72 40 78 96 76 69 71 85 66 45 94 41 84 84 47 11 88 19 57 93 38 41 75 36 16 34 44 78 28 93 37 53 34 76 12 99 67 57 75 31 88 24 16 74 83 69 80 13 16 22 79 21 79 20 
87 51 74 64 54 96 19 93 40 82 35 84 10 27 44 49 82 72 40 79 72 44 74 26 79 25 65 29 15 67 62 93 47 95 72 67 46 82 34 97 93 61 76 89 22 55 37 51 29 98 87 64 17 85 63 34 33 57 28 59 92 53 21 57 
41 26 39 74 27 55 14 67 25 47 63 99 48 76 40 28 77 13 13 85 96 64 57 61 73 20 85 78 13 24 11 88 20 85 24 34 38 78 28 93 15 95 75 22 67 77 62 37 60 23 42 27 15 79 11 25 61 43 62 53 70 67 82 81 
92 35 30 39 88 61 27 58 40 20 93 15 12 58 17 65 94 73 33 57 54 70 40 45 96 62 37 84 70 87 61 26 40 11 93 45 15 42 61 85 23 51 18 19 34 10 98 16 47 63 49 33 53 45 72 78 93 87 32 60 43 43 36 96 
31 57 86 15 15 58 82 82 24 28 69 35 96 39 11 70 51 11 89 17 28 72 25 96 31 99 48 73 34 97 56 93 17 83 95 93 64 44 42 24 22 67 45 99 51 73 54 39 25 50 46 91 14 97 38 25 93 75 24 65 69 23 37 20 
25 64 51 68 77 86 38 67 82 89 89 36 67 42 68 79 17 45 61 36 97 10 68 54 15 48 94 36 17 93 26 47 55 24 92 74 58 29 37 61 66 41 47 77 86 35 97 79 51 20 19 54 38 86 52 21 16 65 84 53 99 66 34 29 
56 62 13 53 16 97 69 68 59 63 90 17 15 45 37 76 37 23 93 72 33 28 30 82 15 78 68 81 71 94 40 41 25 69 51 12 19 40 10 54 98 22 12 73 68 57 57 45 16 88 17 63 67 77 76 33 54 83 33 77 14 20 63 53 
83 35 12 55 26 23 45 62 33 65 96 98 91 19 38 40 71 35 33 72 39 30 27 20 49 34 59 14 60 65 35 95 71 12 19 97 32 12 69 93 12 86 86 99 68 55 26 48 27 11 50 84 49 37 62 47 43 73 48 18 22 43 96 85 
14 15 38 76 19 15 18 91 16 71 29 39 24 18 42 55 77 60 52 30 48 24 35 99 47 75 46 30 98 88 98 96 94 13 92 42 65 32 29 62 70 86 57 24 44 88 63 71 89 17 84 85 81 91 26 24 28 72 58 54 60 73 52 21 
97 66 77 43 57 87 63 27 88 79 28 19 26 81 23 12 66 28 38 78 11 78 88 46 35 25 24 73 91 35 85 66 84 65 54 34 39 23 33 59 77 72 12 85 16 34 83 88 65 64 47 91 86 48 75 70 50 77 95 37 62 97 10 64 
69 65 78 90 21 68 25 34 34 74 74 81 73 52 97 69 35 56 80 39 56 99 23 43 57 23 77 80 60 93 56 25 38 14 33 92 39 42 57 51 35 83 98 60 88 77 40 78 27 52 67 96 41 52 72 84 81 92 42 78 28 64 81 29 
46 11 88 81 58 26 52 88 30 44 90 84 48 99 50 85 84 67 35 22 47 68 91 55 12 35 25 54 56 65 74 96 80 72 88 69 11 18 42 63 67 82 74 73 72 40 22 15 85 37 24 69 92 74 23 69 75 14 75 42 48 87 86 78 
20 28 77 69 68 46 53 70 80 30 14 25 64 76 57 58 58 79 78 92 17 91 86 23 86 49 52 96 41 41 27 68 25 38 16 36 25 55 69 54 99 52 98 18 41 67 48 48 82 83 45 91 88 42 52 36 18 78 37 17 38 32 22 35 
57 17 89 88 92 60 85 22 89 36 97 53 26 74 80 76 91 79 69 88 57 25 48 89 30 26 81 21 20 75 25 59 11 41 67 82 44 97 15 86 45 62 36 66 91 48 24 55 28 33 87 12 20 78 11 91 97 95 86 66 25 69 28 89 
70 69 43 34 68 24 87 93 86 89 53 65 18 67 65 86 61 97 68 73 74 68 43 89 17 92 50 74 57 79 91 92 81 90 47 21 29 22 32 86 62 64 26 40 32 63 17 90 11 12 58 47 80 95 53 87 42 38 50 39 30 36 91 58 
73 66 25 79 79 37 22 62 54 17 46 55 36 70 11 33 15 26 33 64 39 96 56 56 53 58 62 48 67 96 67 67 13 69 18 33 21 89 64 82 32 20 30 70 64 70 24 77 32 29 79 56 87 17 51 46 95 90 97 47 42 77 31 58 
26 80 38 95 27 41 70 32 29 16 97 40 76 52 92 69 35 95 73 34 70 14 10 23 94 96 49 96 34 77 48 39 33 16 61 25 59 19 59 15 72 93 70 45 79 61 51 37 57 84 39 83 90 84 51 95 85 18 10 72 23 12 28 76 
92 74 33 59 97 38 13 48 77 73 38 75 91 77 30 28 84 45 44 94 58 67 26 27 50 84 22 52 19 86 62 78 36 89 23 80 12 26 75 55 20 97 41 28 75 64 99 69 23 74 99 64 79 58 92 41 92 21 46 40 57 87 37 12 
35 31 18 36 99 24 57 53 19 58 87 79 63 18 85 35 39 74 44 41 94 22 41 53 38 31 59 81 36 15 20 94 97 54 26 21 54 91 44 87 67 60 17 31 41 83 96 65 36 90 68 22 99 84 41 62 47 52 52 38 97 51 11 57 
97 65 38 44 15 38 38 87 24 35 12 38 67 62 89 87 78 13 83 48 28 65 63 57 23 38 43 30 20 58 37 74 82 25 48 57 23 91 55 34 23 66 37 87 34 36 73 36 59 46 28 75 11 35 21 52 90 91 70 61 60 99 92 67 
63 78 81 63 56 39 51 83 75 61 54 73 20 91 15 17 74 45 94 11 68 33 77 31 93 36 52 15 59 61 85 82 38 26 21 11 96 82 22 75 68 84 68 30 35 28 78 16 62 43 19 41 56 98 85 24 84 33 48 55 54 13 11 65 
12 56 40 57 84 64 69 65 89 98 41 51 27 86 19 42 18 73 85 35 66 98 33 26 81 20 70 42 76 94 59 15 29 51 68 15 28 56 60 94 24 37 78 40 58 50 10 80 19 93 69 45 12 24 45 27 25 74 23 97 29 25 82 57 
25 28 27 74 23 93 12 49 98 94 31 74 51 12 33 98 61 99 77 44 75 43 89 31 70 78 89 37 53 71 94 99 24 74 21 57 30 95 97 53 45 78 23 31 91 16 79 13 77 87 26 67 41 20 86 85 90 18 54 78 72 41 94 19 
33 66 20 82 42 66 37 88 44 42 75 16 37 97 30 94 46 71 47 88 81 33 23 66 54 93 32 15 83 45 21 24 83 35 81 55 52 21 30 75 52 82 28 48 36 88 37 37 82 77 62 94 87 48 81 47 54 51 72 90 98 24 58 93 
81 31 83 18 55 97 23 72 17 81 90 84 54 18 91 88 23 74 76 90 57 74 24 57 12 77 96 50 92 98 64 23 82 79 27 32 63 75 58 33 24 14 57 65 13 43 42 35 65 25 30 42 61 83 43 24 35 70 28 88 21 30 46 51 
18 18 67 21 33 86 65 68 89 93 94 14 31 96 73 28 94 98 94 47 41 35 67 65 81 10 90 75 36 72 35 76 21 91 44 40 84 12 42 62 84 61 57 57 53 77 93 57 79 89 63 65 44 80 75 52 66 95 65 20 39 47 20 31 
27 23 13 54 82 63 42 38 39 40 32 39 87 98 37 78 52 68 60 80 21 95 82 83 26 78 58 84 54 20 84 74 22 81 86 52 46 13 27 38 43 81 92 91 91 17 92 71 61 92 11 12 31 37 93 67 68 74 57 55 82 38 78 13 
98 11 90 17 40 88 31 57 72 52 25 91 95 78 43 57 64 59 67 13 74 64 35 86 33 42 11 62 45 75 67 92 36 55 83 66 46 89 53 55 19 61 73 83 72 86 32 65 56 38 59 39 98 12 80 99 32 56 38 51 25 15 40 85 
97 82 50 41 57 57 53 18 98 50 27 36 55 86 58 15 15 50 77 37 96 86 84 15 49 31 76 25 54 18 46 26 29 37 47 68 51 15 12 17 57 86 28 48 75 87 87 78 52 95 78 14 51 86 92 21 67 55 74 63 78 33 90 20 
63 37 74 68 45 72 77 48 87 23 30 39 93 55 65 24 95 63 49 15 38 51 55 95 91 24 13 89 62 34 75 99 73 89 62 51 42 99 31 93 23 74 25 19 53 47 35 81 90 66 38 85 64 95 11 17 82 11 90 70 45 18 18 43 
81 53 97 72 38 58 78 72 13 34 47 55 82 40 74 16 48 42 61 67 93 36 77 75 23 22 82 12 37 61 94 95 67 94 21 52 89 99 23 59 94 69 43 40 49 62 50 73 95 96 98 10 61 84 14 41 45 26 57 96 19 22 69 17 
61 92 79 43 12 90 55 11 64 22 87 14 17 80 98 67 38 45 28 98 46 78 69 84 20 14 54 32 84 34 16 71 98 58 89 97 91 70 90 37 59 23 97 94 99 61 26 26 74 82 22 22 39 95 86 82 99 79 99 32 44 87 91 90 
76 95 57 27 74 89 90 29 49 12 33 40 86 87 17 88 99 69 55 26 58 35 89 10 44 91 72 59 12 36 57 18 16 65 77 91 81 53 88 37 14 62 89 66 57 62 13 95 58 80 85 59 96 57 31 15 63 84 17 84 76 12 19 76 
58 54 51 42 49 68 26 90 84 74 55 48 17 67 69 20 98 40 93 36 69 47 71 40 99 11 21 41 61 42 85 89 17 33 64 85 94 26 50 74 30 55 80 74 10 74 82 14 71 32 94 64 15 21 17 52 81 83 97 55 56 17 54 90 
83 21 77 15 97 40 60 28 98 27 54 42 30 96 42 80 10 64 99 29 51 94 45 96 12 37 26 16 86 19 99 29 95 21 97 34 65 74 55 16 94 78 28 43 74 20 64 30 53 46 28 74 80 58 10 68 17 45 50 92 72 83 79 74 
91 52 65 12 52 83 54 73 83 81 87 66 90 25 84 13 94 79 17 53 60 48 33 76 53 68 92 44 95 61 84 26 42 30 71 16 67 87 31 49 64 24 64 58 10 41 86 35 98 23 60 60 76 98 49 70 31 68 94 22 12 16 94 77 
16 69 97 97 99 48 10 16 17 82 77 90 70 35 69 38 20 47 50 61 29 20 64 98 15 84 40 45 67 83 85 63 88 33 79 62 34 38 24 99 67 38 26 54 38 70 79 61 49 12 26 60 15 87 86 53 48 18 32 22 43 42 10 20 
98 65 48 17 70 97 98 35 47 47 63 81 58 30 72 88 28 73 24 21 48 35 95 91 62 46 73 63 37 33 54 16 73 75 79 33 44 92 71 70 39 66 61 45 90 15 66 92 75 37 72 30 63 97 96 90 13 98 49 89 49 54 45 52 
84 89 79 24 35 25 53 55 15 46 85 35 12 91 14 43 45 85 18 84 12 96 72 35 11 76 89 90 19 15 38 44 53 59 71 29 67 30 44 28 27 18 91 37 45 84 30 50 65 25 45 19 81 34 19 27 16 28 53 29 92 63 69 29 
73 75 82 33 66 79 85 82 10 38 12 33 83 79 42 33 80 14 41 74 91 84 27 90 96 66 38 27 39 10 43 67 52 37 91 26 69 76 13 39 94 77 90 38 92 85 51 61 70 82 79 62 31 44 39 19 35 34 13 22 76 48 86 52 
70 46 28 42 17 34 25 25 78 30 65 45 69 28 37 36 38 98 94 75 35 72 41 88 69 14 81 25 24 24 31 16 27 48 72 73 64 10 61 38 27 79 19 69 93 95 96 24 10 32 98 82 92 76 92 94 32 16 89 55 21 58 22 15 
99 38 45 81 83 83 63 78 43 60 21 36 47 82 51 35 55 36 55 74 87 38 12 84 55 73 27 53 45 28 14 25 61 49 65 26 30 29 71 68 94 79 21 43 87 17 44 53 51 92 76 95 65 91 55 14 69 33 48 60 56 88 32 58 
58 31 69 64 84 66 25 86 21 12 28 53 75 34 76 15 59 62 61 95 51 34 19 26 24 78 40 70 24 83 61 65 62 49 82 57 41 82 94 14 26 21 21 34 33 50 19 29 77 64 11 22 24 42 97 31 42 22 78 65 44 70 30 17 
28 91 33 58 45 96 59 88 60 26 78 33 67 19 69 20 26 34 47 55 13 40 98 70 89 79 16 32 72 48 83 85 55 47 56 78 91 65 81 86 54 14 11 69 50 98 30 40 30 24 71 76 36 63 90 71 35 34 47 89 73 10 97 12 
19 36 59 97 69 32 50 60 67 79 83 49 88 17 75 13 53 63 43 67 87 15 46 86 25 45 65 35 72 32 86 52 46 37 45 87 14 21 38 27 25 81 36 48 83 40 90 32 21 34 60 56 35 15 16 79 76 27 19 85 46 30 34 87 
84 88 23 25 89 46 21 14 57 52 21 21 30 10 60 80 91 28 13 47 36 22 90 12 18 54 95 54 10 90 47 46 78 90 85 34 79 35 40 35 13 61 22 49 43 96 82 53 27 40 28 25 73 15 94 50 52 79 17 73 65 17 86 80 
40 18 84 91 38 38 78 90 93 54 15 21 75 87 28 93 92 58 67 64 44 24 46 15 39 37 57 48 44 54 74 41 98 66 94 64 43 87 71 32 56 47 15 34 96 91 42 99 29 95 42 15 15 80 89 15 48 53 20 64 76 33 75 21 
22 52 54 22 75 87 18 49 86 54 70 63 62 36 15 18 67 75 14 56 21 82 60 58 47 50 49 30 66 90 81 97 46 68 60 26 28 84 55 19 63 62 65 94 21 70 95 49 47 45 95 85 25 37 77 18 42 84 80 42 11 82 83 77 
66 76 52 85 60 61 81 80 97 64 20 27 73 91 35 82 31 34 44 11 24 78 85 80 20 94 47 81 43 23 69 35 51 52 17 42 98 33 59 42 40 47 84 64 45 18 24 47 43 56 19 27 54 94 80 28 16 60 27 78 92 84 24 47 
75 81 97 42 36 74 25 93 24 28 81 19 91 38 84 86 17 30 30 14 69 19 95 15 95 11 88 12 62 47 16 74 44 94 60 46 69 84 97 51 92 35 46 47 51 20 45 69 21 20 58 94 68 63 85 29 72 31 82 92 76 61 19 19 
59 14 54 34 58 77 54 52 99 50 90 68 27 38 15 22 92 97 63 95 92 19 32 76 31 76 20 62 36 51 67 27 67 81 14 54 85 52 53 19 85 10 41 16 25 39 60 54 16 76 23 62 76 92 42 40 94 73 76 31 87 64 89 72 
62 54 41 62 41 90 67 72 24 76 81 31 20 59 87 80 98 56 91 81 99 99 87 67 74 91 51 53 76 29 21 73 98 38 18 78 91 24 85 77 36 20 65 21 73 17 91 50 83 26 67 73 59 29 71 33 76 39 89 75 69 48 61 90 
75 91 30 32 54 40 68 28 14 54 66 21 70 26 48 89 16 13 63 51 29 82 77 55 54 66 35 86 58 31 99 19 35 55 96 79 18 41 51 72 71 61 48 45 76 27 38 34 40 14 48 37 83 49 86 70 45 53 22 57 75 97 20 36 
78 14 34 47 20 59 93 51 57 10 81 15 20 55 61 34 56 32 49 43 19 87 61 71 33 69 98 83 40 66 66 73 26 21 47 49 71 40 20 46 67 75 67 35 68 28 89 24 40 29 67 87 20 92 46 22 45 88 26 41 20 57 13 50 
20 60 78 35 72 26 92 41 12 90 53 88 33 59 60 85 94 43 51 31 29 23 44 10 37 39 74 34 73 55 91 82 41 50 77 38 77 76 20 61 19 58 73 89 52 30 53 86 29 12 66 35 42 91 53 88 81 18 50 34 49 56 92 42 
54 80 87 23 27 72 50 23 34 37 11 83 99 15 30 15 28 59 26 55 46 19 50 79 32 17 12 16 52 70 37 31 12 68 59 86 36 19 45 52 90 12 68 86 67 66 61 23 50 28 59 41 81 59 11 20 44 16 55 31 42 41 90 88 
33 76 98 26 16 70 27 75 39 70 67 55 16 97 95 35 45 61 51 79 27 68 61 18 84 31 96 58 16 34 89 58 86 52 67 27 94 20 37 60 57 52 79 42 23 38 72 90 46 35 31 39 83 23 23 28 73 23 58 76 60 71 99 83 
68 29 15 36 37 62 51 59 14 11 97 34 73 86 53 84 83 12 60 83 88 60 72 31 84 33 60 97 21 83 72 72 89 32 44 82 56 90 39 61 45 22 34 96 37 70 84 38 63 76 87 70 51 78 35 94 78 85 71 51 38 85 93 93 
32 91 51 84 10 15 39 92 17 74 26 84 14 56 67 94 96 11 89 73 24 31 16 33 95 74 42 17 90 17 35 90 70 93 12 78 65 58 61 63 28 86 61 58 92 88 96 84 81 45 74 61 64 72 95 12 65 57 33 95 93 58 22 65 
10 45 30 65 46 62 33 14 40 66 97 16 21 82 55 43 94 99 80 59 75 30 62 58 28 31 20 50 10 11 59 42 50 61 58 11 54 23 13 93 73 30 67 22 27 21 55 96 51 11 22 91 46 34 94 75 33 51 56 26 48 66 61 17 
32 31 28 95 55 99 15 84 45 32 58 65 81 95 65 73 37 47 18 35 21 87 31 44 34 54 96 65 10 79 21 25 88 34 64 10 28 90 35 38 28 42 94 99 73 47 91 16 55 46 12 69 96 30 54 45 90 41 40 56 27 40 56 80 
45 25 53 15 80 35 42 97 96 94 65 70 29 80 22 10 47 79 34 46 20 48 18 40 28 54 91 82 92 35 73 44 95 56 78 80 14 47 12 97 28 68 77 72 16 87 32 84 22 94 37 80 92 25 89 18 49 92 70 23 68 18 44 24 
74 47 91 12 59 54 36 53 47 55 37 90 47 22 32 69 39 11 70 20 85 57 11 31 67 13 37 84 67 53 76 35 55 88 27 90 47 89 66 63 81 10 75 28 62 17 66 21 38 39 95 38 42 32 60 95 78 50 68 74 51 81 46 31 
43 84 49 17 45 88 92 25 26 81 50 19 13 19 81 78 77 82 20 55 32 40 12 72 41 67 61 70 82 66 24 59 30 81 56 24 14 33 61 79 62 72 73 73 74 45 89 26 87 76 45 48 84 49 86 38 78 22 44 85 78 51 54 28 
68 44 66 86 81 61 96 57 15 56 69 31 89 71 39 65 96 26 15 79 69 74 62 11 98 98 84 79 39 37 84 50 12 45 43 93 32 95 26 38 77 60 61 47 36 31 13 77 77 51 84 29 86 70 96 96 10 11 75 32 93 31 35 73 
61 81 14 25 76 44 14 54 28 73 98 93 39 73 88 83 88 22 86 61 13 65 42 60 43 54 89 13 84 68 41 37 28 13 66 44 10 24 29 57 47 47 52 79 45 38 47 23 67 27 76 24 70 77 92 13 17 27 44 55 60 99 80 84 
49 50 45 27 52 43 82 40 98 79 62 76 95 76 99 86 51 87 18 97 93 28 84 71 13 10 79 99 53 60 70 38 60 50 61 51 42 29 24 74 56 87 75 44 18 26 62 93 37 55 55 93 43 15 61 21 88 13 49 62 60 42 82 72 
35 80 23 43 86 68 37 10 76 96 30 88 37 21 36 53 91 43 26 86 75 95 16 73 38 41 84 90 99 65 65 66 62 90 45 98 41 22 91 13 17 32 68 89 12 11 93 44 49 27 26 25 80 97 56 34 86 32 89 39 42 93 37 36 
71 31 36 30 91 91 51 70 46 96 49 81 66 18 56 67 59 25 77 17 18 85 23 32 26 50 49 58 29 57 79 58 76 50 60 12 35 94 67 11 49 31 26 57 53 54 69 31 36 56 59 57 84 57 33 73 52 11 87 21 55 59 74 37 
17 45 88 17 50 78 42 75 96 56 58 36 80 82 20 12 79 28 75 92 85 25 61 25 74 31 43 43 40 20 48 65 72 21 71 11 50 26 38 64 60 31 21 18 59 56 53 39 90 96 80 45 16 50 43 89 70 50 74 13 88 36 71 62 
83 32 15 33 57 86 34 41 99 87 41 37 70 35 76 66 80 42 16 15 49 88 32 68 43 61 22 24 71 14 62 54 18 18 72 24 74 12 37 65 55 35 54 82 34 83 64 94 22 83 34 71 19 36 53 26 99 76 78 19 18 69 12 14 
46 67 95 38 92 17 64 11 79 84 87 19 13 70 37 43 31 94 26 49 41 80 40 92 59 88 37 29 25 94 83 87 12 21 67 64 80 89 68 80 54 52 48 41 78 34 99 18 45 54 49 98 71 97 93 25 11 58 49 74 69 11 34 61 
54 97 52 23 17 82 65 22 24 42 53 72 78 68 48 34 69 92 18 20 72 38 42 94 44 62 47 76 69 69 25 41 73 69 89 56 68 65 77 49 98 66 82 32 77 35 99 24 54 71 47 85 54 86 65 97 87 16 85 79 45 76 81 50 
95 63 51 90 33 15 62 18 26 41 86 29 41 95 20 70 76 43 60 53 74 66 95 51 21 92 55 15 51 93 34 58 74 46 98 54 36 28 73 49 69 67 91 17 23 34 84 82 59 20 81 35 46 62 39 57 92 38 69 32 13 43 96 99 
0 0 0 0 0 0 0 0 0 0 0 0 0 0 0 0 0 0 0 0 0 0 0 0 0 0 0 0 0 0 0 0 0 0 0 0 0 0 0 0 0 0 0 0 0 0 0 0 0 0 0 0 0 0 0 0 0 0 0 0 0 0 0 0 
-1 47 44 -1 -1 -1 -1 -1 -1 -1 -1 -1 -1 -1 -1 -1 -1 -1 -1 -1 -1 -1 -1 -1 -1 -1 -1 -1 -1 -1 -1 -1 -1 -1 -1 -1 -1 -1 -1 -1 -1 -1 -1 -1 -1 -1 -1 -1 -1 -1 -1 -1 -1 -1 -1 -1 -1 -1 -1 -1 -1 -1 -1 -1 -1 -1 -1 -1 -1 -1 -1 -1 -1 -1 -1 -1 -1 -1 -1 -1 -1 -1 -1 -1 -1 -1 -1 -1 -1 -1 -1 -1 -1 -1 -1 -1 
-1 -1 -1 70 92 -1 -1 -1 -1 -1 -1 -1 -1 -1 -1 -1 -1 -1 -1 -1 -1 -1 -1 -1 -1 -1 -1 -1 -1 -1 -1 -1 -1 -1 -1 -1 -1 -1 -1 -1 -1 -1 -1 -1 -1 -1 -1 -1 -1 -1 -1 -1 -1 -1 -1 -1 -1 -1 -1 -1 -1 -1 -1 -1 -1 -1 -1 -1 -1 -1 -1 -1 -1 -1 -1 -1 -1 -1 -1 -1 -1 -1 -1 -1 -1 -1 -1 -1 -1 -1 -1 -1 -1 -1 -1 -1 
-1 -1 -1 -1 -1 76 49 -1 -1 -1 -1 -1 -1 -1 -1 -1 -1 -1 -1 -1 -1 -1 -1 -1 -1 -1 -1 -1 -1 -1 -1 -1 -1 -1 -1 -1 -1 -1 -1 -1 -1 -1 -1 -1 -1 -1 -1 -1 -1 -1 -1 -1 -1 -1 -1 -1 -1 -1 -1 -1 -1 -1 -1 -1 -1 -1 -1 -1 -1 -1 -1 -1 -1 -1 -1 -1 -1 -1 -1 -1 -1 -1 -1 -1 -1 -1 -1 -1 -1 -1 -1 -1 -1 -1 -1 -1 
-1 -1 -1 -1 -1 -1 -1 13 17 -1 -1 -1 -1 -1 -1 -1 -1 -1 -1 -1 -1 -1 -1 -1 -1 -1 -1 -1 -1 -1 -1 -1 -1 -1 -1 -1 -1 -1 -1 -1 -1 -1 -1 -1 -1 -1 -1 -1 -1 -1 -1 -1 -1 -1 -1 -1 -1 -1 -1 -1 -1 -1 -1 -1 -1 -1 -1 -1 -1 -1 -1 -1 -1 -1 -1 -1 -1 -1 -1 -1 -1 -1 -1 -1 -1 -1 -1 -1 -1 -1 -1 -1 -1 -1 -1 -1 
-1 -1 -1 -1 -1 -1 -1 -1 -1 62 69 -1 -1 -1 -1 -1 -1 -1 -1 -1 -1 -1 -1 -1 -1 -1 -1 -1 -1 -1 -1 -1 -1 -1 -1 -1 -1 -1 -1 -1 -1 -1 -1 -1 -1 -1 -1 -1 -1 -1 -1 -1 -1 -1 -1 -1 -1 -1 -1 -1 -1 -1 -1 -1 -1 -1 -1 -1 -1 -1 -1 -1 -1 -1 -1 -1 -1 -1 -1 -1 -1 -1 -1 -1 -1 -1 -1 -1 -1 -1 -1 -1 -1 -1 -1 -1 
-1 -1 -1 -1 -1 -1 -1 -1 -1 -1 -1 39 83 -1 -1 -1 -1 -1 -1 -1 -1 -1 -1 -1 -1 -1 -1 -1 -1 -1 -1 -1 -1 -1 -1 -1 -1 -1 -1 -1 -1 -1 -1 -1 -1 -1 -1 -1 -1 -1 -1 -1 -1 -1 -1 -1 -1 -1 -1 -1 -1 -1 -1 -1 -1 -1 -1 -1 -1 -1 -1 -1 -1 -1 -1 -1 -1 -1 -1 -1 -1 -1 -1 -1 -1 -1 -1 -1 -1 -1 -1 -1 -1 -1 -1 -1 
-1 -1 -1 -1 -1 -1 -1 -1 -1 -1 -1 -1 -1 97 49 -1 -1 -1 -1 -1 -1 -1 -1 -1 -1 -1 -1 -1 -1 -1 -1 -1 -1 -1 -1 -1 -1 -1 -1 -1 -1 -1 -1 -1 -1 -1 -1 -1 -1 -1 -1 -1 -1 -1 -1 -1 -1 -1 -1 -1 -1 -1 -1 -1 -1 -1 -1 -1 -1 -1 -1 -1 -1 -1 -1 -1 -1 -1 -1 -1 -1 -1 -1 -1 -1 -1 -1 -1 -1 -1 -1 -1 -1 -1 -1 -1 
-1 -1 -1 -1 -1 -1 -1 -1 -1 -1 -1 -1 -1 -1 -1 44 28 -1 -1 -1 -1 -1 -1 -1 -1 -1 -1 -1 -1 -1 -1 -1 -1 -1 -1 -1 -1 -1 -1 -1 -1 -1 -1 -1 -1 -1 -1 -1 -1 -1 -1 -1 -1 -1 -1 -1 -1 -1 -1 -1 -1 -1 -1 -1 -1 -1 -1 -1 -1 -1 -1 -1 -1 -1 -1 -1 -1 -1 -1 -1 -1 -1 -1 -1 -1 -1 -1 -1 -1 -1 -1 -1 -1 -1 -1 -1 
-1 -1 -1 -1 -1 -1 -1 -1 -1 -1 -1 -1 -1 -1 -1 -1 -1 80 97 -1 -1 -1 -1 -1 -1 -1 -1 -1 -1 -1 -1 -1 -1 -1 -1 -1 -1 -1 -1 -1 -1 -1 -1 -1 -1 -1 -1 -1 -1 -1 -1 -1 -1 -1 -1 -1 -1 -1 -1 -1 -1 -1 -1 -1 -1 -1 -1 -1 -1 -1 -1 -1 -1 -1 -1 -1 -1 -1 -1 -1 -1 -1 -1 -1 -1 -1 -1 -1 -1 -1 -1 -1 -1 -1 -1 -1 
-1 -1 -1 -1 -1 -1 -1 -1 -1 -1 -1 -1 -1 -1 -1 -1 -1 -1 -1 73 18 -1 -1 -1 -1 -1 -1 -1 -1 -1 -1 -1 -1 -1 -1 -1 -1 -1 -1 -1 -1 -1 -1 -1 -1 -1 -1 -1 -1 -1 -1 -1 -1 -1 -1 -1 -1 -1 -1 -1 -1 -1 -1 -1 -1 -1 -1 -1 -1 -1 -1 -1 -1 -1 -1 -1 -1 -1 -1 -1 -1 -1 -1 -1 -1 -1 -1 -1 -1 -1 -1 -1 -1 -1 -1 -1 
-1 -1 -1 -1 -1 -1 -1 -1 -1 -1 -1 -1 -1 -1 -1 -1 -1 -1 -1 -1 -1 86 92 -1 -1 -1 -1 -1 -1 -1 -1 -1 -1 -1 -1 -1 -1 -1 -1 -1 -1 -1 -1 -1 -1 -1 -1 -1 -1 -1 -1 -1 -1 -1 -1 -1 -1 -1 -1 -1 -1 -1 -1 -1 -1 -1 -1 -1 -1 -1 -1 -1 -1 -1 -1 -1 -1 -1 -1 -1 -1 -1 -1 -1 -1 -1 -1 -1 -1 -1 -1 -1 -1 -1 -1 -1 
-1 -1 -1 -1 -1 -1 -1 -1 -1 -1 -1 -1 -1 -1 -1 -1 -1 -1 -1 -1 -1 -1 -1 34 65 -1 -1 -1 -1 -1 -1 -1 -1 -1 -1 -1 -1 -1 -1 -1 -1 -1 -1 -1 -1 -1 -1 -1 -1 -1 -1 -1 -1 -1 -1 -1 -1 -1 -1 -1 -1 -1 -1 -1 -1 -1 -1 -1 -1 -1 -1 -1 -1 -1 -1 -1 -1 -1 -1 -1 -1 -1 -1 -1 -1 -1 -1 -1 -1 -1 -1 -1 -1 -1 -1 -1 
-1 -1 -1 -1 -1 -1 -1 -1 -1 -1 -1 -1 -1 -1 -1 -1 -1 -1 -1 -1 -1 -1 -1 -1 -1 100 35 -1 -1 -1 -1 -1 -1 -1 -1 -1 -1 -1 -1 -1 -1 -1 -1 -1 -1 -1 -1 -1 -1 -1 -1 -1 -1 -1 -1 -1 -1 -1 -1 -1 -1 -1 -1 -1 -1 -1 -1 -1 -1 -1 -1 -1 -1 -1 -1 -1 -1 -1 -1 -1 -1 -1 -1 -1 -1 -1 -1 -1 -1 -1 -1 -1 -1 -1 -1 -1 
-1 -1 -1 -1 -1 -1 -1 -1 -1 -1 -1 -1 -1 -1 -1 -1 -1 -1 -1 -1 -1 -1 -1 -1 -1 -1 -1 56 10 -1 -1 -1 -1 -1 -1 -1 -1 -1 -1 -1 -1 -1 -1 -1 -1 -1 -1 -1 -1 -1 -1 -1 -1 -1 -1 -1 -1 -1 -1 -1 -1 -1 -1 -1 -1 -1 -1 -1 -1 -1 -1 -1 -1 -1 -1 -1 -1 -1 -1 -1 -1 -1 -1 -1 -1 -1 -1 -1 -1 -1 -1 -1 -1 -1 -1 -1 
-1 -1 -1 -1 -1 -1 -1 -1 -1 -1 -1 -1 -1 -1 -1 -1 -1 -1 -1 -1 -1 -1 -1 -1 -1 -1 -1 -1 -1 27 96 -1 -1 -1 -1 -1 -1 -1 -1 -1 -1 -1 -1 -1 -1 -1 -1 -1 -1 -1 -1 -1 -1 -1 -1 -1 -1 -1 -1 -1 -1 -1 -1 -1 -1 -1 -1 -1 -1 -1 -1 -1 -1 -1 -1 -1 -1 -1 -1 -1 -1 -1 -1 -1 -1 -1 -1 -1 -1 -1 -1 -1 -1 -1 -1 -1 
-1 -1 -1 -1 -1 -1 -1 -1 -1 -1 -1 -1 -1 -1 -1 -1 -1 -1 -1 -1 -1 -1 -1 -1 -1 -1 -1 -1 -1 -1 -1 60 23 -1 -1 -1 -1 -1 -1 -1 -1 -1 -1 -1 -1 -1 -1 -1 -1 -1 -1 -1 -1 -1 -1 -1 -1 -1 -1 -1 -1 -1 -1 -1 -1 -1 -1 -1 -1 -1 -1 -1 -1 -1 -1 -1 -1 -1 -1 -1 -1 -1 -1 -1 -1 -1 -1 -1 -1 -1 -1 -1 -1 -1 -1 -1 
-1 -1 -1 -1 -1 -1 -1 -1 -1 -1 -1 -1 -1 -1 -1 -1 -1 -1 -1 -1 -1 -1 -1 -1 -1 -1 -1 -1 -1 -1 -1 73 78 -1 -1 -1 -1 -1 -1 -1 -1 -1 -1 -1 -1 -1 -1 -1 -1 -1 -1 -1 -1 -1 -1 -1 -1 -1 -1 -1 -1 -1 -1 -1 -1 -1 -1 -1 -1 -1 -1 -1 -1 -1 -1 -1 -1 -1 -1 -1 -1 -1 -1 -1 -1 -1 -1 -1 -1 -1 -1 -1 -1 -1 -1 -1 
-1 -1 -1 -1 -1 -1 -1 -1 -1 -1 -1 -1 -1 -1 -1 -1 -1 -1 -1 -1 -1 -1 -1 -1 -1 -1 -1 -1 -1 -1 -1 -1 -1 31 39 -1 -1 -1 -1 -1 -1 -1 -1 -1 -1 -1 -1 -1 -1 -1 -1 -1 -1 -1 -1 -1 -1 -1 -1 -1 -1 -1 -1 -1 -1 -1 -1 -1 -1 -1 -1 -1 -1 -1 -1 -1 -1 -1 -1 -1 -1 -1 -1 -1 -1 -1 -1 -1 -1 -1 -1 -1 -1 -1 -1 -1 
-1 -1 -1 -1 -1 -1 -1 -1 -1 -1 -1 -1 -1 -1 -1 -1 -1 -1 -1 -1 -1 -1 -1 -1 -1 -1 -1 -1 -1 -1 -1 -1 -1 79 82 -1 -1 -1 -1 -1 -1 -1 -1 -1 -1 -1 -1 -1 -1 -1 -1 -1 -1 -1 -1 -1 -1 -1 -1 -1 -1 -1 -1 -1 -1 -1 -1 -1 -1 -1 -1 -1 -1 -1 -1 -1 -1 -1 -1 -1 -1 -1 -1 -1 -1 -1 -1 -1 -1 -1 -1 -1 -1 -1 -1 -1 
-1 -1 -1 -1 -1 -1 -1 -1 -1 -1 -1 -1 -1 -1 -1 -1 -1 -1 -1 -1 -1 -1 -1 -1 -1 -1 -1 -1 -1 -1 -1 -1 -1 -1 -1 31 37 -1 -1 -1 -1 -1 -1 -1 -1 -1 -1 -1 -1 -1 -1 -1 -1 -1 -1 -1 -1 -1 -1 -1 -1 -1 -1 -1 -1 -1 -1 -1 -1 -1 -1 -1 -1 -1 -1 -1 -1 -1 -1 -1 -1 -1 -1 -1 -1 -1 -1 -1 -1 -1 -1 -1 -1 -1 -1 -1 
-1 -1 -1 -1 -1 -1 -1 -1 -1 -1 -1 -1 -1 -1 -1 -1 -1 -1 -1 -1 -1 -1 -1 -1 -1 -1 -1 -1 -1 -1 -1 -1 -1 -1 -1 72 49 -1 -1 -1 -1 -1 -1 -1 -1 -1 -1 -1 -1 -1 -1 -1 -1 -1 -1 -1 -1 -1 -1 -1 -1 -1 -1 -1 -1 -1 -1 -1 -1 -1 -1 -1 -1 -1 -1 -1 -1 -1 -1 -1 -1 -1 -1 -1 -1 -1 -1 -1 -1 -1 -1 -1 -1 -1 -1 -1 
-1 -1 -1 -1 -1 -1 -1 -1 -1 -1 -1 -1 -1 -1 -1 -1 -1 -1 -1 -1 -1 -1 -1 -1 -1 -1 -1 -1 -1 -1 -1 -1 -1 -1 -1 -1 -1 21 63 -1 -1 -1 -1 -1 -1 -1 -1 -1 -1 -1 -1 -1 -1 -1 -1 -1 -1 -1 -1 -1 -1 -1 -1 -1 -1 -1 -1 -1 -1 -1 -1 -1 -1 -1 -1 -1 -1 -1 -1 -1 -1 -1 -1 -1 -1 -1 -1 -1 -1 -1 -1 -1 -1 -1 -1 -1 
-1 -1 -1 -1 -1 -1 -1 -1 -1 -1 -1 -1 -1 -1 -1 -1 -1 -1 -1 -1 -1 -1 -1 -1 -1 -1 -1 -1 -1 -1 -1 -1 -1 -1 -1 -1 -1 85 47 -1 -1 -1 -1 -1 -1 -1 -1 -1 -1 -1 -1 -1 -1 -1 -1 -1 -1 -1 -1 -1 -1 -1 -1 -1 -1 -1 -1 -1 -1 -1 -1 -1 -1 -1 -1 -1 -1 -1 -1 -1 -1 -1 -1 -1 -1 -1 -1 -1 -1 -1 -1 -1 -1 -1 -1 -1 
-1 -1 -1 -1 -1 -1 -1 -1 -1 -1 -1 -1 -1 -1 -1 -1 -1 -1 -1 -1 -1 -1 -1 -1 -1 -1 -1 -1 -1 -1 -1 -1 -1 -1 -1 -1 -1 -1 -1 73 37 -1 -1 -1 -1 -1 -1 -1 -1 -1 -1 -1 -1 -1 -1 -1 -1 -1 -1 -1 -1 -1 -1 -1 -1 -1 -1 -1 -1 -1 -1 -1 -1 -1 -1 -1 -1 -1 -1 -1 -1 -1 -1 -1 -1 -1 -1 -1 -1 -1 -1 -1 -1 -1 -1 -1 
-1 -1 -1 -1 -1 -1 -1 -1 -1 -1 -1 -1 -1 -1 -1 -1 -1 -1 -1 -1 -1 -1 -1 -1 -1 -1 -1 -1 -1 -1 -1 -1 -1 -1 -1 -1 -1 -1 -1 70 85 -1 -1 -1 -1 -1 -1 -1 -1 -1 -1 -1 -1 -1 -1 -1 -1 -1 -1 -1 -1 -1 -1 -1 -1 -1 -1 -1 -1 -1 -1 -1 -1 -1 -1 -1 -1 -1 -1 -1 -1 -1 -1 -1 -1 -1 -1 -1 -1 -1 -1 -1 -1 -1 -1 -1 
-1 -1 -1 -1 -1 -1 -1 -1 -1 -1 -1 -1 -1 -1 -1 -1 -1 -1 -1 -1 -1 -1 -1 -1 -1 -1 -1 -1 -1 -1 -1 -1 -1 -1 -1 -1 -1 -1 -1 -1 -1 80 73 -1 -1 -1 -1 -1 -1 -1 -1 -1 -1 -1 -1 -1 -1 -1 -1 -1 -1 -1 -1 -1 -1 -1 -1 -1 -1 -1 -1 -1 -1 -1 -1 -1 -1 -1 -1 -1 -1 -1 -1 -1 -1 -1 -1 -1 -1 -1 -1 -1 -1 -1 -1 -1 
-1 -1 -1 -1 -1 -1 -1 -1 -1 -1 -1 -1 -1 -1 -1 -1 -1 -1 -1 -1 -1 -1 -1 -1 -1 -1 -1 -1 -1 -1 -1 -1 -1 -1 -1 -1 -1 -1 -1 -1 -1 98 55 -1 -1 -1 -1 -1 -1 -1 -1 -1 -1 -1 -1 -1 -1 -1 -1 -1 -1 -1 -1 -1 -1 -1 -1 -1 -1 -1 -1 -1 -1 -1 -1 -1 -1 -1 -1 -1 -1 -1 -1 -1 -1 -1 -1 -1 -1 -1 -1 -1 -1 -1 -1 -1 
-1 -1 -1 -1 -1 -1 -1 -1 -1 -1 -1 -1 -1 -1 -1 -1 -1 -1 -1 -1 -1 -1 -1 -1 -1 -1 -1 -1 -1 -1 -1 -1 -1 -1 -1 -1 -1 -1 -1 -1 -1 -1 -1 15 67 -1 -1 -1 -1 -1 -1 -1 -1 -1 -1 -1 -1 -1 -1 -1 -1 -1 -1 -1 -1 -1 -1 -1 -1 -1 -1 -1 -1 -1 -1 -1 -1 -1 -1 -1 -1 -1 -1 -1 -1 -1 -1 -1 -1 -1 -1 -1 -1 -1 -1 -1 
-1 -1 -1 -1 -1 -1 -1 -1 -1 -1 -1 -1 -1 -1 -1 -1 -1 -1 -1 -1 -1 -1 -1 -1 -1 -1 -1 -1 -1 -1 -1 -1 -1 -1 -1 -1 -1 -1 -1 -1 -1 -1 -1 20 48 -1 -1 -1 -1 -1 -1 -1 -1 -1 -1 -1 -1 -1 -1 -1 -1 -1 -1 -1 -1 -1 -1 -1 -1 -1 -1 -1 -1 -1 -1 -1 -1 -1 -1 -1 -1 -1 -1 -1 -1 -1 -1 -1 -1 -1 -1 -1 -1 -1 -1 -1 
-1 -1 -1 -1 -1 -1 -1 -1 -1 -1 -1 -1 -1 -1 -1 -1 -1 -1 -1 -1 -1 -1 -1 -1 -1 -1 -1 -1 -1 -1 -1 -1 -1 -1 -1 -1 -1 -1 -1 -1 -1 -1 -1 -1 -1 69 23 -1 -1 -1 -1 -1 -1 -1 -1 -1 -1 -1 -1 -1 -1 -1 -1 -1 -1 -1 -1 -1 -1 -1 -1 -1 -1 -1 -1 -1 -1 -1 -1 -1 -1 -1 -1 -1 -1 -1 -1 -1 -1 -1 -1 -1 -1 -1 -1 -1 
-1 -1 -1 -1 -1 -1 -1 -1 -1 -1 -1 -1 -1 -1 -1 -1 -1 -1 -1 -1 -1 -1 -1 -1 -1 -1 -1 -1 -1 -1 -1 -1 -1 -1 -1 -1 -1 -1 -1 -1 -1 -1 -1 -1 -1 28 39 -1 -1 -1 -1 -1 -1 -1 -1 -1 -1 -1 -1 -1 -1 -1 -1 -1 -1 -1 -1 -1 -1 -1 -1 -1 -1 -1 -1 -1 -1 -1 -1 -1 -1 -1 -1 -1 -1 -1 -1 -1 -1 -1 -1 -1 -1 -1 -1 -1 
-1 -1 -1 -1 -1 -1 -1 -1 -1 -1 -1 -1 -1 -1 -1 -1 -1 -1 -1 -1 -1 -1 -1 -1 -1 -1 -1 -1 -1 -1 -1 -1 -1 -1 -1 -1 -1 -1 -1 -1 -1 -1 -1 -1 -1 -1 -1 37 -1 80 -1 -1 -1 -1 -1 -1 -1 -1 -1 -1 -1 -1 -1 -1 -1 -1 -1 -1 -1 -1 -1 -1 -1 -1 -1 -1 -1 -1 -1 -1 -1 -1 -1 -1 -1 -1 -1 -1 -1 -1 -1 -1 -1 -1 -1 -1 
-1 -1 -1 -1 -1 -1 -1 -1 -1 -1 -1 -1 -1 -1 -1 -1 -1 -1 -1 -1 -1 -1 -1 -1 -1 -1 -1 -1 -1 -1 -1 -1 -1 -1 -1 -1 -1 -1 -1 -1 -1 -1 -1 -1 -1 -1 -1 -1 31 -1 88 -1 -1 -1 -1 -1 -1 -1 -1 -1 -1 -1 -1 -1 -1 -1 -1 -1 -1 -1 -1 -1 -1 -1 -1 -1 -1 -1 -1 -1 -1 -1 -1 -1 -1 -1 -1 -1 -1 -1 -1 -1 -1 -1 -1 -1 
-1 -1 -1 -1 -1 -1 -1 -1 -1 -1 -1 -1 -1 -1 -1 -1 -1 -1 -1 -1 -1 -1 -1 -1 -1 -1 -1 -1 -1 -1 -1 -1 -1 -1 -1 -1 -1 -1 -1 -1 -1 -1 -1 -1 -1 -1 -1 44 -1 43 -1 -1 -1 -1 -1 -1 -1 -1 -1 -1 -1 -1 -1 -1 -1 -1 -1 -1 -1 -1 -1 -1 -1 -1 -1 -1 -1 -1 -1 -1 -1 -1 -1 -1 -1 -1 -1 -1 -1 -1 -1 -1 -1 -1 -1 -1 
-1 -1 -1 -1 -1 -1 -1 -1 -1 -1 -1 -1 -1 -1 -1 -1 -1 -1 -1 -1 -1 -1 -1 -1 -1 -1 -1 -1 -1 -1 -1 -1 -1 -1 -1 -1 -1 -1 -1 -1 -1 -1 -1 -1 -1 -1 -1 -1 68 -1 19 -1 -1 -1 -1 -1 -1 -1 -1 -1 -1 -1 -1 -1 -1 -1 -1 -1 -1 -1 -1 -1 -1 -1 -1 -1 -1 -1 -1 -1 -1 -1 -1 -1 -1 -1 -1 -1 -1 -1 -1 -1 -1 -1 -1 -1 
-1 -1 -1 -1 -1 -1 -1 -1 -1 -1 -1 -1 -1 -1 -1 -1 -1 -1 -1 -1 -1 -1 -1 -1 -1 -1 -1 -1 -1 -1 -1 -1 -1 -1 -1 -1 -1 -1 -1 -1 -1 -1 -1 -1 -1 -1 -1 -1 -1 -1 -1 76 -1 14 -1 -1 -1 -1 -1 -1 -1 -1 -1 -1 -1 -1 -1 -1 -1 -1 -1 -1 -1 -1 -1 -1 -1 -1 -1 -1 -1 -1 -1 -1 -1 -1 -1 -1 -1 -1 -1 -1 -1 -1 -1 -1 
-1 -1 -1 -1 -1 -1 -1 -1 -1 -1 -1 -1 -1 -1 -1 -1 -1 -1 -1 -1 -1 -1 -1 -1 -1 -1 -1 -1 -1 -1 -1 -1 -1 -1 -1 -1 -1 -1 -1 -1 -1 -1 -1 -1 -1 -1 -1 -1 -1 -1 -1 -1 38 -1 31 -1 -1 -1 -1 -1 -1 -1 -1 -1 -1 -1 -1 -1 -1 -1 -1 -1 -1 -1 -1 -1 -1 -1 -1 -1 -1 -1 -1 -1 -1 -1 -1 -1 -1 -1 -1 -1 -1 -1 -1 -1 
-1 -1 -1 -1 -1 -1 -1 -1 -1 -1 -1 -1 -1 -1 -1 -1 -1 -1 -1 -1 -1 -1 -1 -1 -1 -1 -1 -1 -1 -1 -1 -1 -1 -1 -1 -1 -1 -1 -1 -1 -1 -1 -1 -1 -1 -1 -1 -1 -1 -1 -1 82 -1 87 -1 -1 -1 -1 -1 -1 -1 -1 -1 -1 -1 -1 -1 -1 -1 -1 -1 -1 -1 -1 -1 -1 -1 -1 -1 -1 -1 -1 -1 -1 -1 -1 -1 -1 -1 -1 -1 -1 -1 -1 -1 -1 
-1 -1 -1 -1 -1 -1 -1 -1 -1 -1 -1 -1 -1 -1 -1 -1 -1 -1 -1 -1 -1 -1 -1 -1 -1 -1 -1 -1 -1 -1 -1 -1 -1 -1 -1 -1 -1 -1 -1 -1 -1 -1 -1 -1 -1 -1 -1 -1 -1 -1 -1 -1 57 -1 98 -1 -1 -1 -1 -1 -1 -1 -1 -1 -1 -1 -1 -1 -1 -1 -1 -1 -1 -1 -1 -1 -1 -1 -1 -1 -1 -1 -1 -1 -1 -1 -1 -1 -1 -1 -1 -1 -1 -1 -1 -1 
-1 -1 -1 -1 -1 -1 -1 -1 -1 -1 -1 -1 -1 -1 -1 -1 -1 -1 -1 -1 -1 -1 -1 -1 -1 -1 -1 -1 -1 -1 -1 -1 -1 -1 -1 -1 -1 -1 -1 -1 -1 -1 -1 -1 -1 -1 -1 -1 -1 -1 -1 -1 -1 -1 -1 66 -1 77 -1 -1 -1 -1 -1 -1 -1 -1 -1 -1 -1 -1 -1 -1 -1 -1 -1 -1 -1 -1 -1 -1 -1 -1 -1 -1 -1 -1 -1 -1 -1 -1 -1 -1 -1 -1 -1 -1 
-1 -1 -1 -1 -1 -1 -1 -1 -1 -1 -1 -1 -1 -1 -1 -1 -1 -1 -1 -1 -1 -1 -1 -1 -1 -1 -1 -1 -1 -1 -1 -1 -1 -1 -1 -1 -1 -1 -1 -1 -1 -1 -1 -1 -1 -1 -1 -1 -1 -1 -1 -1 -1 -1 -1 -1 84 -1 95 -1 -1 -1 -1 -1 -1 -1 -1 -1 -1 -1 -1 -1 -1 -1 -1 -1 -1 -1 -1 -1 -1 -1 -1 -1 -1 -1 -1 -1 -1 -1 -1 -1 -1 -1 -1 -1 
-1 -1 -1 -1 -1 -1 -1 -1 -1 -1 -1 -1 -1 -1 -1 -1 -1 -1 -1 -1 -1 -1 -1 -1 -1 -1 -1 -1 -1 -1 -1 -1 -1 -1 -1 -1 -1 -1 -1 -1 -1 -1 -1 -1 -1 -1 -1 -1 -1 -1 -1 -1 -1 -1 -1 46 -1 26 -1 -1 -1 -1 -1 -1 -1 -1 -1 -1 -1 -1 -1 -1 -1 -1 -1 -1 -1 -1 -1 -1 -1 -1 -1 -1 -1 -1 -1 -1 -1 -1 -1 -1 -1 -1 -1 -1 
-1 -1 -1 -1 -1 -1 -1 -1 -1 -1 -1 -1 -1 -1 -1 -1 -1 -1 -1 -1 -1 -1 -1 -1 -1 -1 -1 -1 -1 -1 -1 -1 -1 -1 -1 -1 -1 -1 -1 -1 -1 -1 -1 -1 -1 -1 -1 -1 -1 -1 -1 -1 -1 -1 -1 -1 36 -1 30 -1 -1 -1 -1 -1 -1 -1 -1 -1 -1 -1 -1 -1 -1 -1 -1 -1 -1 -1 -1 -1 -1 -1 -1 -1 -1 -1 -1 -1 -1 -1 -1 -1 -1 -1 -1 -1 
-1 -1 -1 -1 -1 -1 -1 -1 -1 -1 -1 -1 -1 -1 -1 -1 -1 -1 -1 -1 -1 -1 -1 -1 -1 -1 -1 -1 -1 -1 -1 -1 -1 -1 -1 -1 -1 -1 -1 -1 -1 -1 -1 -1 -1 -1 -1 -1 -1 -1 -1 -1 -1 -1 -1 -1 -1 -1 -1 62 -1 65 -1 -1 -1 -1 -1 -1 -1 -1 -1 -1 -1 -1 -1 -1 -1 -1 -1 -1 -1 -1 -1 -1 -1 -1 -1 -1 -1 -1 -1 -1 -1 -1 -1 -1 
-1 -1 -1 -1 -1 -1 -1 -1 -1 -1 -1 -1 -1 -1 -1 -1 -1 -1 -1 -1 -1 -1 -1 -1 -1 -1 -1 -1 -1 -1 -1 -1 -1 -1 -1 -1 -1 -1 -1 -1 -1 -1 -1 -1 -1 -1 -1 -1 -1 -1 -1 -1 -1 -1 -1 -1 -1 -1 -1 -1 70 -1 15 -1 -1 -1 -1 -1 -1 -1 -1 -1 -1 -1 -1 -1 -1 -1 -1 -1 -1 -1 -1 -1 -1 -1 -1 -1 -1 -1 -1 -1 -1 -1 -1 -1 
-1 -1 -1 -1 -1 -1 -1 -1 -1 -1 -1 -1 -1 -1 -1 -1 -1 -1 -1 -1 -1 -1 -1 -1 -1 -1 -1 -1 -1 -1 -1 -1 -1 -1 -1 -1 -1 -1 -1 -1 -1 -1 -1 -1 -1 -1 -1 -1 -1 -1 -1 -1 -1 -1 -1 -1 -1 -1 -1 75 -1 12 -1 -1 -1 -1 -1 -1 -1 -1 -1 -1 -1 -1 -1 -1 -1 -1 -1 -1 -1 -1 -1 -1 -1 -1 -1 -1 -1 -1 -1 -1 -1 -1 -1 -1 
-1 -1 -1 -1 -1 -1 -1 -1 -1 -1 -1 -1 -1 -1 -1 -1 -1 -1 -1 -1 -1 -1 -1 -1 -1 -1 -1 -1 -1 -1 -1 -1 -1 -1 -1 -1 -1 -1 -1 -1 -1 -1 -1 -1 -1 -1 -1 -1 -1 -1 -1 -1 -1 -1 -1 -1 -1 -1 -1 -1 54 -1 25 -1 -1 -1 -1 -1 -1 -1 -1 -1 -1 -1 -1 -1 -1 -1 -1 -1 -1 -1 -1 -1 -1 -1 -1 -1 -1 -1 -1 -1 -1 -1 -1 -1 
-1 -1 -1 -1 -1 -1 -1 -1 -1 -1 -1 -1 -1 -1 -1 -1 -1 -1 -1 -1 -1 -1 -1 -1 -1 -1 -1 -1 -1 -1 -1 -1 -1 -1 -1 -1 -1 -1 -1 -1 -1 -1 -1 -1 -1 -1 -1 -1 -1 -1 -1 -1 -1 -1 -1 -1 -1 -1 -1 -1 -1 -1 -1 22 -1 -1 -1 84 -1 -1 -1 -1 -1 -1 -1 -1 -1 -1 -1 -1 -1 -1 -1 -1 -1 -1 -1 -1 -1 -1 -1 -1 -1 -1 -1 -1 
-1 -1 -1 -1 -1 -1 -1 -1 -1 -1 -1 -1 -1 -1 -1 -1 -1 -1 -1 -1 -1 -1 -1 -1 -1 -1 -1 -1 -1 -1 -1 -1 -1 -1 -1 -1 -1 -1 -1 -1 -1 -1 -1 -1 -1 -1 -1 -1 -1 -1 -1 -1 -1 -1 -1 -1 -1 -1 -1 -1 -1 -1 -1 -1 28 -1 -1 -1 76 -1 -1 -1 -1 -1 -1 -1 -1 -1 -1 -1 -1 -1 -1 -1 -1 -1 -1 -1 -1 -1 -1 -1 -1 -1 -1 -1 
-1 -1 -1 -1 -1 -1 -1 -1 -1 -1 -1 -1 -1 -1 -1 -1 -1 -1 -1 -1 -1 -1 -1 -1 -1 -1 -1 -1 -1 -1 -1 -1 -1 -1 -1 -1 -1 -1 -1 -1 -1 -1 -1 -1 -1 -1 -1 -1 -1 -1 -1 -1 -1 -1 -1 -1 -1 -1 -1 -1 -1 -1 -1 -1 -1 15 -1 -1 -1 80 -1 -1 -1 -1 -1 -1 -1 -1 -1 -1 -1 -1 -1 -1 -1 -1 -1 -1 -1 -1 -1 -1 -1 -1 -1 -1 
-1 -1 -1 -1 -1 -1 -1 -1 -1 -1 -1 -1 -1 -1 -1 -1 -1 -1 -1 -1 -1 -1 -1 -1 -1 -1 -1 -1 -1 -1 -1 -1 -1 -1 -1 -1 -1 -1 -1 -1 -1 -1 -1 -1 -1 -1 -1 -1 -1 -1 -1 -1 -1 -1 -1 -1 -1 -1 -1 -1 -1 -1 -1 -1 -1 -1 52 -1 -1 -1 15 -1 -1 -1 -1 -1 -1 -1 -1 -1 -1 -1 -1 -1 -1 -1 -1 -1 -1 -1 -1 -1 -1 -1 -1 -1 
-1 -1 -1 -1 -1 -1 -1 -1 -1 -1 -1 -1 -1 -1 -1 -1 -1 -1 -1 -1 -1 -1 -1 -1 -1 -1 -1 -1 -1 -1 -1 -1 -1 -1 -1 -1 -1 -1 -1 -1 -1 -1 -1 -1 -1 -1 -1 -1 -1 -1 -1 -1 -1 -1 -1 -1 -1 -1 -1 -1 -1 -1 -1 83 -1 -1 -1 100 -1 -1 -1 -1 -1 -1 -1 -1 -1 -1 -1 -1 -1 -1 -1 -1 -1 -1 -1 -1 -1 -1 -1 -1 -1 -1 -1 -1 
-1 -1 -1 -1 -1 -1 -1 -1 -1 -1 -1 -1 -1 -1 -1 -1 -1 -1 -1 -1 -1 -1 -1 -1 -1 -1 -1 -1 -1 -1 -1 -1 -1 -1 -1 -1 -1 -1 -1 -1 -1 -1 -1 -1 -1 -1 -1 -1 -1 -1 -1 -1 -1 -1 -1 -1 -1 -1 -1 -1 -1 -1 -1 -1 39 -1 -1 -1 95 -1 -1 -1 -1 -1 -1 -1 -1 -1 -1 -1 -1 -1 -1 -1 -1 -1 -1 -1 -1 -1 -1 -1 -1 -1 -1 -1 
-1 -1 -1 -1 -1 -1 -1 -1 -1 -1 -1 -1 -1 -1 -1 -1 -1 -1 -1 -1 -1 -1 -1 -1 -1 -1 -1 -1 -1 -1 -1 -1 -1 -1 -1 -1 -1 -1 -1 -1 -1 -1 -1 -1 -1 -1 -1 -1 -1 -1 -1 -1 -1 -1 -1 -1 -1 -1 -1 -1 -1 -1 -1 -1 -1 49 -1 -1 -1 18 -1 -1 -1 -1 -1 -1 -1 -1 -1 -1 -1 -1 -1 -1 -1 -1 -1 -1 -1 -1 -1 -1 -1 -1 -1 -1 
-1 -1 -1 -1 -1 -1 -1 -1 -1 -1 -1 -1 -1 -1 -1 -1 -1 -1 -1 -1 -1 -1 -1 -1 -1 -1 -1 -1 -1 -1 -1 -1 -1 -1 -1 -1 -1 -1 -1 -1 -1 -1 -1 -1 -1 -1 -1 -1 -1 -1 -1 -1 -1 -1 -1 -1 -1 -1 -1 -1 -1 -1 -1 -1 -1 -1 26 -1 -1 -1 69 -1 -1 -1 -1 -1 -1 -1 -1 -1 -1 -1 -1 -1 -1 -1 -1 -1 -1 -1 -1 -1 -1 -1 -1 -1 
-1 -1 -1 -1 -1 -1 -1 -1 -1 -1 -1 -1 -1 -1 -1 -1 -1 -1 -1 -1 -1 -1 -1 -1 -1 -1 -1 -1 -1 -1 -1 -1 -1 -1 -1 -1 -1 -1 -1 -1 -1 -1 -1 -1 -1 -1 -1 -1 -1 -1 -1 -1 -1 -1 -1 -1 -1 -1 -1 -1 -1 -1 -1 -1 -1 -1 -1 -1 -1 -1 -1 67 -1 -1 -1 49 -1 -1 -1 -1 -1 -1 -1 -1 -1 -1 -1 -1 -1 -1 -1 -1 -1 -1 -1 -1 
-1 -1 -1 -1 -1 -1 -1 -1 -1 -1 -1 -1 -1 -1 -1 -1 -1 -1 -1 -1 -1 -1 -1 -1 -1 -1 -1 -1 -1 -1 -1 -1 -1 -1 -1 -1 -1 -1 -1 -1 -1 -1 -1 -1 -1 -1 -1 -1 -1 -1 -1 -1 -1 -1 -1 -1 -1 -1 -1 -1 -1 -1 -1 -1 -1 -1 -1 -1 -1 -1 -1 -1 81 -1 -1 -1 95 -1 -1 -1 -1 -1 -1 -1 -1 -1 -1 -1 -1 -1 -1 -1 -1 -1 -1 -1 
-1 -1 -1 -1 -1 -1 -1 -1 -1 -1 -1 -1 -1 -1 -1 -1 -1 -1 -1 -1 -1 -1 -1 -1 -1 -1 -1 -1 -1 -1 -1 -1 -1 -1 -1 -1 -1 -1 -1 -1 -1 -1 -1 -1 -1 -1 -1 -1 -1 -1 -1 -1 -1 -1 -1 -1 -1 -1 -1 -1 -1 -1 -1 -1 -1 -1 -1 -1 -1 -1 -1 -1 -1 38 -1 -1 -1 65 -1 -1 -1 -1 -1 -1 -1 -1 -1 -1 -1 -1 -1 -1 -1 -1 -1 -1 
-1 -1 -1 -1 -1 -1 -1 -1 -1 -1 -1 -1 -1 -1 -1 -1 -1 -1 -1 -1 -1 -1 -1 -1 -1 -1 -1 -1 -1 -1 -1 -1 -1 -1 -1 -1 -1 -1 -1 -1 -1 -1 -1 -1 -1 -1 -1 -1 -1 -1 -1 -1 -1 -1 -1 -1 -1 -1 -1 -1 -1 -1 -1 -1 -1 -1 -1 -1 -1 -1 -1 -1 -1 -1 29 -1 -1 -1 49 -1 -1 -1 -1 -1 -1 -1 -1 -1 -1 -1 -1 -1 -1 -1 -1 -1 
-1 -1 -1 -1 -1 -1 -1 -1 -1 -1 -1 -1 -1 -1 -1 -1 -1 -1 -1 -1 -1 -1 -1 -1 -1 -1 -1 -1 -1 -1 -1 -1 -1 -1 -1 -1 -1 -1 -1 -1 -1 -1 -1 -1 -1 -1 -1 -1 -1 -1 -1 -1 -1 -1 -1 -1 -1 -1 -1 -1 -1 -1 -1 -1 -1 -1 -1 -1 -1 -1 -1 68 -1 -1 -1 97 -1 -1 -1 -1 -1 -1 -1 -1 -1 -1 -1 -1 -1 -1 -1 -1 -1 -1 -1 -1 
-1 -1 -1 -1 -1 -1 -1 -1 -1 -1 -1 -1 -1 -1 -1 -1 -1 -1 -1 -1 -1 -1 -1 -1 -1 -1 -1 -1 -1 -1 -1 -1 -1 -1 -1 -1 -1 -1 -1 -1 -1 -1 -1 -1 -1 -1 -1 -1 -1 -1 -1 -1 -1 -1 -1 -1 -1 -1 -1 -1 -1 -1 -1 -1 -1 -1 -1 -1 -1 -1 -1 -1 72 -1 -1 -1 50 -1 -1 -1 -1 -1 -1 -1 -1 -1 -1 -1 -1 -1 -1 -1 -1 -1 -1 -1 
-1 -1 -1 -1 -1 -1 -1 -1 -1 -1 -1 -1 -1 -1 -1 -1 -1 -1 -1 -1 -1 -1 -1 -1 -1 -1 -1 -1 -1 -1 -1 -1 -1 -1 -1 -1 -1 -1 -1 -1 -1 -1 -1 -1 -1 -1 -1 -1 -1 -1 -1 -1 -1 -1 -1 -1 -1 -1 -1 -1 -1 -1 -1 -1 -1 -1 -1 -1 -1 -1 -1 -1 -1 23 -1 -1 -1 88 -1 -1 -1 -1 -1 -1 -1 -1 -1 -1 -1 -1 -1 -1 -1 -1 -1 -1 
-1 -1 -1 -1 -1 -1 -1 -1 -1 -1 -1 -1 -1 -1 -1 -1 -1 -1 -1 -1 -1 -1 -1 -1 -1 -1 -1 -1 -1 -1 -1 -1 -1 -1 -1 -1 -1 -1 -1 -1 -1 -1 -1 -1 -1 -1 -1 -1 -1 -1 -1 -1 -1 -1 -1 -1 -1 -1 -1 -1 -1 -1 -1 -1 -1 -1 -1 -1 -1 -1 -1 -1 -1 -1 67 -1 -1 -1 46 -1 -1 -1 -1 -1 -1 -1 -1 -1 -1 -1 -1 -1 -1 -1 -1 -1 
-1 -1 -1 -1 -1 -1 -1 -1 -1 -1 -1 -1 -1 -1 -1 -1 -1 -1 -1 -1 -1 -1 -1 -1 -1 -1 -1 -1 -1 -1 -1 -1 -1 -1 -1 -1 -1 -1 -1 -1 -1 -1 -1 -1 -1 -1 -1 -1 -1 -1 -1 -1 -1 -1 -1 -1 -1 -1 -1 -1 -1 -1 -1 -1 -1 -1 -1 -1 -1 -1 -1 -1 -1 -1 -1 -1 -1 -1 -1 49 -1 -1 -1 -1 -1 -1 -1 78 -1 -1 -1 -1 -1 -1 -1 -1 
-1 -1 -1 -1 -1 -1 -1 -1 -1 -1 -1 -1 -1 -1 -1 -1 -1 -1 -1 -1 -1 -1 -1 -1 -1 -1 -1 -1 -1 -1 -1 -1 -1 -1 -1 -1 -1 -1 -1 -1 -1 -1 -1 -1 -1 -1 -1 -1 -1 -1 -1 -1 -1 -1 -1 -1 -1 -1 -1 -1 -1 -1 -1 -1 -1 -1 -1 -1 -1 -1 -1 -1 -1 -1 -1 -1 -1 -1 -1 -1 70 -1 -1 -1 -1 -1 -1 -1 39 -1 -1 -1 -1 -1 -1 -1 
-1 -1 -1 -1 -1 -1 -1 -1 -1 -1 -1 -1 -1 -1 -1 -1 -1 -1 -1 -1 -1 -1 -1 -1 -1 -1 -1 -1 -1 -1 -1 -1 -1 -1 -1 -1 -1 -1 -1 -1 -1 -1 -1 -1 -1 -1 -1 -1 -1 -1 -1 -1 -1 -1 -1 -1 -1 -1 -1 -1 -1 -1 -1 -1 -1 -1 -1 -1 -1 -1 -1 -1 -1 -1 -1 -1 -1 -1 -1 -1 -1 57 -1 -1 -1 -1 -1 -1 -1 59 -1 -1 -1 -1 -1 -1 
-1 -1 -1 -1 -1 -1 -1 -1 -1 -1 -1 -1 -1 -1 -1 -1 -1 -1 -1 -1 -1 -1 -1 -1 -1 -1 -1 -1 -1 -1 -1 -1 -1 -1 -1 -1 -1 -1 -1 -1 -1 -1 -1 -1 -1 -1 -1 -1 -1 -1 -1 -1 -1 -1 -1 -1 -1 -1 -1 -1 -1 -1 -1 -1 -1 -1 -1 -1 -1 -1 -1 -1 -1 -1 -1 -1 -1 -1 -1 -1 -1 -1 86 -1 -1 -1 -1 -1 -1 -1 66 -1 -1 -1 -1 -1 
-1 -1 -1 -1 -1 -1 -1 -1 -1 -1 -1 -1 -1 -1 -1 -1 -1 -1 -1 -1 -1 -1 -1 -1 -1 -1 -1 -1 -1 -1 -1 -1 -1 -1 -1 -1 -1 -1 -1 -1 -1 -1 -1 -1 -1 -1 -1 -1 -1 -1 -1 -1 -1 -1 -1 -1 -1 -1 -1 -1 -1 -1 -1 -1 -1 -1 -1 -1 -1 -1 -1 -1 -1 -1 -1 -1 -1 -1 -1 -1 -1 -1 -1 50 -1 -1 -1 -1 -1 -1 -1 92 -1 -1 -1 -1 
-1 -1 -1 -1 -1 -1 -1 -1 -1 -1 -1 -1 -1 -1 -1 -1 -1 -1 -1 -1 -1 -1 -1 -1 -1 -1 -1 -1 -1 -1 -1 -1 -1 -1 -1 -1 -1 -1 -1 -1 -1 -1 -1 -1 -1 -1 -1 -1 -1 -1 -1 -1 -1 -1 -1 -1 -1 -1 -1 -1 -1 -1 -1 -1 -1 -1 -1 -1 -1 -1 -1 -1 -1 -1 -1 -1 -1 -1 -1 -1 -1 -1 -1 -1 87 -1 -1 -1 -1 -1 -1 -1 42 -1 -1 -1 
-1 -1 -1 -1 -1 -1 -1 -1 -1 -1 -1 -1 -1 -1 -1 -1 -1 -1 -1 -1 -1 -1 -1 -1 -1 -1 -1 -1 -1 -1 -1 -1 -1 -1 -1 -1 -1 -1 -1 -1 -1 -1 -1 -1 -1 -1 -1 -1 -1 -1 -1 -1 -1 -1 -1 -1 -1 -1 -1 -1 -1 -1 -1 -1 -1 -1 -1 -1 -1 -1 -1 -1 -1 -1 -1 -1 -1 -1 -1 -1 -1 -1 -1 -1 -1 17 -1 -1 -1 -1 -1 -1 -1 45 -1 -1 
-1 -1 -1 -1 -1 -1 -1 -1 -1 -1 -1 -1 -1 -1 -1 -1 -1 -1 -1 -1 -1 -1 -1 -1 -1 -1 -1 -1 -1 -1 -1 -1 -1 -1 -1 -1 -1 -1 -1 -1 -1 -1 -1 -1 -1 -1 -1 -1 -1 -1 -1 -1 -1 -1 -1 -1 -1 -1 -1 -1 -1 -1 -1 -1 -1 -1 -1 -1 -1 -1 -1 -1 -1 -1 -1 -1 -1 -1 -1 -1 -1 -1 -1 -1 -1 -1 83 -1 -1 -1 -1 -1 -1 -1 31 -1 
-1 -1 -1 -1 -1 -1 -1 -1 -1 -1 -1 -1 -1 -1 -1 -1 -1 -1 -1 -1 -1 -1 -1 -1 -1 -1 -1 -1 -1 -1 -1 -1 -1 -1 -1 -1 -1 -1 -1 -1 -1 -1 -1 -1 -1 -1 -1 -1 -1 -1 -1 -1 -1 -1 -1 -1 -1 -1 -1 -1 -1 -1 -1 -1 -1 -1 -1 -1 -1 -1 -1 -1 -1 -1 -1 -1 -1 -1 -1 42 -1 -1 -1 -1 -1 -1 -1 30 -1 -1 -1 -1 -1 -1 -1 -1 
-1 -1 -1 -1 -1 -1 -1 -1 -1 -1 -1 -1 -1 -1 -1 -1 -1 -1 -1 -1 -1 -1 -1 -1 -1 -1 -1 -1 -1 -1 -1 -1 -1 -1 -1 -1 -1 -1 -1 -1 -1 -1 -1 -1 -1 -1 -1 -1 -1 -1 -1 -1 -1 -1 -1 -1 -1 -1 -1 -1 -1 -1 -1 -1 -1 -1 -1 -1 -1 -1 -1 -1 -1 -1 -1 -1 -1 -1 -1 -1 83 -1 -1 -1 -1 -1 -1 -1 16 -1 -1 -1 -1 -1 -1 -1 
-1 -1 -1 -1 -1 -1 -1 -1 -1 -1 -1 -1 -1 -1 -1 -1 -1 -1 -1 -1 -1 -1 -1 -1 -1 -1 -1 -1 -1 -1 -1 -1 -1 -1 -1 -1 -1 -1 -1 -1 -1 -1 -1 -1 -1 -1 -1 -1 -1 -1 -1 -1 -1 -1 -1 -1 -1 -1 -1 -1 -1 -1 -1 -1 -1 -1 -1 -1 -1 -1 -1 -1 -1 -1 -1 -1 -1 -1 -1 -1 -1 50 -1 -1 -1 -1 -1 -1 -1 55 -1 -1 -1 -1 -1 -1 
-1 -1 -1 -1 -1 -1 -1 -1 -1 -1 -1 -1 -1 -1 -1 -1 -1 -1 -1 -1 -1 -1 -1 -1 -1 -1 -1 -1 -1 -1 -1 -1 -1 -1 -1 -1 -1 -1 -1 -1 -1 -1 -1 -1 -1 -1 -1 -1 -1 -1 -1 -1 -1 -1 -1 -1 -1 -1 -1 -1 -1 -1 -1 -1 -1 -1 -1 -1 -1 -1 -1 -1 -1 -1 -1 -1 -1 -1 -1 -1 -1 -1 83 -1 -1 -1 -1 -1 -1 -1 47 -1 -1 -1 -1 -1 
-1 -1 -1 -1 -1 -1 -1 -1 -1 -1 -1 -1 -1 -1 -1 -1 -1 -1 -1 -1 -1 -1 -1 -1 -1 -1 -1 -1 -1 -1 -1 -1 -1 -1 -1 -1 -1 -1 -1 -1 -1 -1 -1 -1 -1 -1 -1 -1 -1 -1 -1 -1 -1 -1 -1 -1 -1 -1 -1 -1 -1 -1 -1 -1 -1 -1 -1 -1 -1 -1 -1 -1 -1 -1 -1 -1 -1 -1 -1 -1 -1 -1 -1 14 -1 -1 -1 -1 -1 -1 -1 63 -1 -1 -1 -1 
-1 -1 -1 -1 -1 -1 -1 -1 -1 -1 -1 -1 -1 -1 -1 -1 -1 -1 -1 -1 -1 -1 -1 -1 -1 -1 -1 -1 -1 -1 -1 -1 -1 -1 -1 -1 -1 -1 -1 -1 -1 -1 -1 -1 -1 -1 -1 -1 -1 -1 -1 -1 -1 -1 -1 -1 -1 -1 -1 -1 -1 -1 -1 -1 -1 -1 -1 -1 -1 -1 -1 -1 -1 -1 -1 -1 -1 -1 -1 -1 -1 -1 -1 -1 52 -1 -1 -1 -1 -1 -1 -1 53 -1 -1 -1 
-1 -1 -1 -1 -1 -1 -1 -1 -1 -1 -1 -1 -1 -1 -1 -1 -1 -1 -1 -1 -1 -1 -1 -1 -1 -1 -1 -1 -1 -1 -1 -1 -1 -1 -1 -1 -1 -1 -1 -1 -1 -1 -1 -1 -1 -1 -1 -1 -1 -1 -1 -1 -1 -1 -1 -1 -1 -1 -1 -1 -1 -1 -1 -1 -1 -1 -1 -1 -1 -1 -1 -1 -1 -1 -1 -1 -1 -1 -1 -1 -1 -1 -1 -1 -1 94 -1 -1 -1 -1 -1 -1 -1 77 -1 -1 
-1 -1 -1 -1 -1 -1 -1 -1 -1 -1 -1 -1 -1 -1 -1 -1 -1 -1 -1 -1 -1 -1 -1 -1 -1 -1 -1 -1 -1 -1 -1 -1 -1 -1 -1 -1 -1 -1 -1 -1 -1 -1 -1 -1 -1 -1 -1 -1 -1 -1 -1 -1 -1 -1 -1 -1 -1 -1 -1 -1 -1 -1 -1 -1 -1 -1 -1 -1 -1 -1 -1 -1 -1 -1 -1 -1 -1 -1 -1 -1 -1 -1 -1 -1 -1 -1 70 -1 -1 -1 -1 -1 -1 -1 52 -1 
-1 -1 -1 -1 -1 -1 -1 -1 -1 -1 -1 -1 -1 -1 -1 -1 -1 -1 -1 -1 -1 -1 -1 -1 -1 -1 -1 -1 -1 -1 -1 -1 -1 -1 -1 -1 -1 -1 -1 -1 -1 -1 -1 -1 -1 -1 -1 -1 -1 -1 -1 -1 -1 -1 -1 -1 -1 -1 -1 -1 -1 -1 -1 -1 -1 -1 -1 -1 -1 -1 -1 -1 -1 -1 -1 -1 -1 -1 -1 -1 -1 -1 -1 -1 -1 -1 -1 -1 -1 -1 -1 -1 -1 -1 -1 0 
-1 -1 -1 -1 -1 -1 -1 -1 -1 -1 -1 -1 -1 -1 -1 -1 -1 -1 -1 -1 -1 -1 -1 -1 -1 -1 -1 -1 -1 -1 -1 -1 -1 -1 -1 -1 -1 -1 -1 -1 -1 -1 -1 -1 -1 -1 -1 -1 -1 -1 -1 -1 -1 -1 -1 -1 -1 -1 -1 -1 -1 -1 -1 -1 -1 -1 -1 -1 -1 -1 -1 -1 -1 -1 -1 -1 -1 -1 -1 -1 -1 -1 -1 -1 -1 -1 -1 -1 -1 -1 -1 -1 -1 -1 -1 0 
-1 -1 -1 -1 -1 -1 -1 -1 -1 -1 -1 -1 -1 -1 -1 -1 -1 -1 -1 -1 -1 -1 -1 -1 -1 -1 -1 -1 -1 -1 -1 -1 -1 -1 -1 -1 -1 -1 -1 -1 -1 -1 -1 -1 -1 -1 -1 -1 -1 -1 -1 -1 -1 -1 -1 -1 -1 -1 -1 -1 -1 -1 -1 -1 -1 -1 -1 -1 -1 -1 -1 -1 -1 -1 -1 -1 -1 -1 -1 -1 -1 -1 -1 -1 -1 -1 -1 -1 -1 -1 -1 -1 -1 -1 -1 0 
-1 -1 -1 -1 -1 -1 -1 -1 -1 -1 -1 -1 -1 -1 -1 -1 -1 -1 -1 -1 -1 -1 -1 -1 -1 -1 -1 -1 -1 -1 -1 -1 -1 -1 -1 -1 -1 -1 -1 -1 -1 -1 -1 -1 -1 -1 -1 -1 -1 -1 -1 -1 -1 -1 -1 -1 -1 -1 -1 -1 -1 -1 -1 -1 -1 -1 -1 -1 -1 -1 -1 -1 -1 -1 -1 -1 -1 -1 -1 -1 -1 -1 -1 -1 -1 -1 -1 -1 -1 -1 -1 -1 -1 -1 -1 0 
-1 -1 -1 -1 -1 -1 -1 -1 -1 -1 -1 -1 -1 -1 -1 -1 -1 -1 -1 -1 -1 -1 -1 -1 -1 -1 -1 -1 -1 -1 -1 -1 -1 -1 -1 -1 -1 -1 -1 -1 -1 -1 -1 -1 -1 -1 -1 -1 -1 -1 -1 -1 -1 -1 -1 -1 -1 -1 -1 -1 -1 -1 -1 -1 -1 -1 -1 -1 -1 -1 -1 -1 -1 -1 -1 -1 -1 -1 -1 -1 -1 -1 -1 -1 -1 -1 -1 -1 -1 -1 -1 -1 -1 -1 -1 0 
-1 -1 -1 -1 -1 -1 -1 -1 -1 -1 -1 -1 -1 -1 -1 -1 -1 -1 -1 -1 -1 -1 -1 -1 -1 -1 -1 -1 -1 -1 -1 -1 -1 -1 -1 -1 -1 -1 -1 -1 -1 -1 -1 -1 -1 -1 -1 -1 -1 -1 -1 -1 -1 -1 -1 -1 -1 -1 -1 -1 -1 -1 -1 -1 -1 -1 -1 -1 -1 -1 -1 -1 -1 -1 -1 -1 -1 -1 -1 -1 -1 -1 -1 -1 -1 -1 -1 -1 -1 -1 -1 -1 -1 -1 -1 0 
-1 -1 -1 -1 -1 -1 -1 -1 -1 -1 -1 -1 -1 -1 -1 -1 -1 -1 -1 -1 -1 -1 -1 -1 -1 -1 -1 -1 -1 -1 -1 -1 -1 -1 -1 -1 -1 -1 -1 -1 -1 -1 -1 -1 -1 -1 -1 -1 -1 -1 -1 -1 -1 -1 -1 -1 -1 -1 -1 -1 -1 -1 -1 -1 -1 -1 -1 -1 -1 -1 -1 -1 -1 -1 -1 -1 -1 -1 -1 -1 -1 -1 -1 -1 -1 -1 -1 -1 -1 -1 -1 -1 -1 -1 -1 0 
-1 -1 -1 -1 -1 -1 -1 -1 -1 -1 -1 -1 -1 -1 -1 -1 -1 -1 -1 -1 -1 -1 -1 -1 -1 -1 -1 -1 -1 -1 -1 -1 -1 -1 -1 -1 -1 -1 -1 -1 -1 -1 -1 -1 -1 -1 -1 -1 -1 -1 -1 -1 -1 -1 -1 -1 -1 -1 -1 -1 -1 -1 -1 -1 -1 -1 -1 -1 -1 -1 -1 -1 -1 -1 -1 -1 -1 -1 -1 -1 -1 -1 -1 -1 -1 -1 -1 -1 -1 -1 -1 -1 -1 -1 -1 0 
-1 -1 -1 -1 -1 -1 -1 -1 -1 -1 -1 -1 -1 -1 -1 -1 -1 -1 -1 -1 -1 -1 -1 -1 -1 -1 -1 -1 -1 -1 -1 -1 -1 -1 -1 -1 -1 -1 -1 -1 -1 -1 -1 -1 -1 -1 -1 -1 -1 -1 -1 -1 -1 -1 -1 -1 -1 -1 -1 -1 -1 -1 -1 -1 -1 -1 -1 -1 -1 -1 -1 -1 -1 -1 -1 -1 -1 -1 -1 -1 -1 -1 -1 -1 -1 -1 -1 -1 -1 -1 -1 -1 -1 -1 -1 0 
-1 -1 -1 -1 -1 -1 -1 -1 -1 -1 -1 -1 -1 -1 -1 -1 -1 -1 -1 -1 -1 -1 -1 -1 -1 -1 -1 -1 -1 -1 -1 -1 -1 -1 -1 -1 -1 -1 -1 -1 -1 -1 -1 -1 -1 -1 -1 -1 -1 -1 -1 -1 -1 -1 -1 -1 -1 -1 -1 -1 -1 -1 -1 -1 -1 -1 -1 -1 -1 -1 -1 -1 -1 -1 -1 -1 -1 -1 -1 -1 -1 -1 -1 -1 -1 -1 -1 -1 -1 -1 -1 -1 -1 -1 -1 0 
-1 -1 -1 -1 -1 -1 -1 -1 -1 -1 -1 -1 -1 -1 -1 -1 -1 -1 -1 -1 -1 -1 -1 -1 -1 -1 -1 -1 -1 -1 -1 -1 -1 -1 -1 -1 -1 -1 -1 -1 -1 -1 -1 -1 -1 -1 -1 -1 -1 -1 -1 -1 -1 -1 -1 -1 -1 -1 -1 -1 -1 -1 -1 -1 -1 -1 -1 -1 -1 -1 -1 -1 -1 -1 -1 -1 -1 -1 -1 -1 -1 -1 -1 -1 -1 -1 -1 -1 -1 -1 -1 -1 -1 -1 -1 0 
-1 -1 -1 -1 -1 -1 -1 -1 -1 -1 -1 -1 -1 -1 -1 -1 -1 -1 -1 -1 -1 -1 -1 -1 -1 -1 -1 -1 -1 -1 -1 -1 -1 -1 -1 -1 -1 -1 -1 -1 -1 -1 -1 -1 -1 -1 -1 -1 -1 -1 -1 -1 -1 -1 -1 -1 -1 -1 -1 -1 -1 -1 -1 -1 -1 -1 -1 -1 -1 -1 -1 -1 -1 -1 -1 -1 -1 -1 -1 -1 -1 -1 -1 -1 -1 -1 -1 -1 -1 -1 -1 -1 -1 -1 -1 0 
-1 -1 -1 -1 -1 -1 -1 -1 -1 -1 -1 -1 -1 -1 -1 -1 -1 -1 -1 -1 -1 -1 -1 -1 -1 -1 -1 -1 -1 -1 -1 -1 -1 -1 -1 -1 -1 -1 -1 -1 -1 -1 -1 -1 -1 -1 -1 -1 -1 -1 -1 -1 -1 -1 -1 -1 -1 -1 -1 -1 -1 -1 -1 -1 -1 -1 -1 -1 -1 -1 -1 -1 -1 -1 -1 -1 -1 -1 -1 -1 -1 -1 -1 -1 -1 -1 -1 -1 -1 -1 -1 -1 -1 -1 -1 0 
-1 -1 -1 -1 -1 -1 -1 -1 -1 -1 -1 -1 -1 -1 -1 -1 -1 -1 -1 -1 -1 -1 -1 -1 -1 -1 -1 -1 -1 -1 -1 -1 -1 -1 -1 -1 -1 -1 -1 -1 -1 -1 -1 -1 -1 -1 -1 -1 -1 -1 -1 -1 -1 -1 -1 -1 -1 -1 -1 -1 -1 -1 -1 -1 -1 -1 -1 -1 -1 -1 -1 -1 -1 -1 -1 -1 -1 -1 -1 -1 -1 -1 -1 -1 -1 -1 -1 -1 -1 -1 -1 -1 -1 -1 -1 0 
-1 -1 -1 -1 -1 -1 -1 -1 -1 -1 -1 -1 -1 -1 -1 -1 -1 -1 -1 -1 -1 -1 -1 -1 -1 -1 -1 -1 -1 -1 -1 -1 -1 -1 -1 -1 -1 -1 -1 -1 -1 -1 -1 -1 -1 -1 -1 -1 -1 -1 -1 -1 -1 -1 -1 -1 -1 -1 -1 -1 -1 -1 -1 -1 -1 -1 -1 -1 -1 -1 -1 -1 -1 -1 -1 -1 -1 -1 -1 -1 -1 -1 -1 -1 -1 -1 -1 -1 -1 -1 -1 -1 -1 -1 -1 0 
-1 -1 -1 -1 -1 -1 -1 -1 -1 -1 -1 -1 -1 -1 -1 -1 -1 -1 -1 -1 -1 -1 -1 -1 -1 -1 -1 -1 -1 -1 -1 -1 -1 -1 -1 -1 -1 -1 -1 -1 -1 -1 -1 -1 -1 -1 -1 -1 -1 -1 -1 -1 -1 -1 -1 -1 -1 -1 -1 -1 -1 -1 -1 -1 -1 -1 -1 -1 -1 -1 -1 -1 -1 -1 -1 -1 -1 -1 -1 -1 -1 -1 -1 -1 -1 -1 -1 -1 -1 -1 -1 -1 -1 -1 -1 0 
-1 -1 -1 -1 -1 -1 -1 -1 -1 -1 -1 -1 -1 -1 -1 -1 -1 -1 -1 -1 -1 -1 -1 -1 -1 -1 -1 -1 -1 -1 -1 -1 -1 -1 -1 -1 -1 -1 -1 -1 -1 -1 -1 -1 -1 -1 -1 -1 -1 -1 -1 -1 -1 -1 -1 -1 -1 -1 -1 -1 -1 -1 -1 -1 -1 -1 -1 -1 -1 -1 -1 -1 -1 -1 -1 -1 -1 -1 -1 -1 -1 -1 -1 -1 -1 -1 -1 -1 -1 -1 -1 -1 -1 -1 -1 -1 
