9 32
88 56 91 61 42 54 93 61 88 20 38 97 46 99 66 48 46 48 90 29 71 60 33 71 34 93 94 61 19 26 62 58 
97 14 26 91 98 21 31 12 22 97 45 72 92 53 21 18 91 23 31 29 34 24 70 43 30 73 80 27 78 41 55 75 
38 35 91 57 23 43 49 66 14 43 62 47 76 87 96 52 41 55 75 73 92 75 46 96 54 28 88 71 61 64 86 67 
68 47 45 58 21 23 71 99 53 53 78 38 35 81 81 28 52 48 95 59 41 34 33 93 70 21 57 15 79 30 41 32 
88 48 31 69 72 61 63 77 47 71 47 82 70 30 42 29 20 71 52 31 30 52 93 25 93 71 30 34 49 72 36 39 
57 75 83 16 44 30 76 77 65 83 33 95 32 97 53 11 94 54 87 89 66 42 35 79 72 70 20 47 34 23 97 38 
73 27 69 52 93 40 66 56 81 33 26 94 64 94 98 96 19 99 67 15 25 21 46 41 80 62 26 12 39 79 20 71 
55 94 31 24 14 95 30 12 95 83 90 53 44 13 44 40 10 86 63 19 75 38 92 90 61 44 95 60 81 21 68 23 
42 90 31 31 63 19 84 19 90 60 78 37 59 27 55 81 86 43 79 57 41 25 70 84 95 45 23 31 56 20 63 86 
-1 97 35 22 -1 -1 -1 -1 -1 
-1 -1 -1 -1 46 -1 -1 -1 -1 
-1 -1 -1 -1 -1 70 -1 -1 -1 
-1 -1 -1 -1 -1 -1 78 -1 -1 
-1 -1 -1 -1 -1 96 65 -1 -1 
-1 -1 -1 -1 -1 -1 -1 41 -1 
-1 -1 -1 -1 -1 -1 -1 -1 48 
-1 -1 -1 -1 -1 -1 -1 -1 84 
-1 -1 -1 -1 -1 -1 -1 -1 -1 
