9 16
82 30 23 41 21 60 12 81 70 46 60 28 49 95 60 76 
61 82 49 51 67 30 94 66 94 54 65 95 64 14 36 75 
84 22 26 10 95 25 90 79 44 64 92 90 69 73 59 27 
80 42 12 50 61 44 25 17 44 79 86 72 41 50 64 12 
58 67 98 39 99 11 57 40 46 32 20 67 92 21 55 55 
33 58 33 76 69 55 95 77 89 84 46 29 85 99 47 53 
88 62 23 96 40 25 36 54 23 62 49 35 93 61 65 37 
58 26 27 18 56 64 58 53 98 63 91 22 32 34 70 29 
56 94 37 91 25 66 28 80 53 33 19 90 30 32 57 28 
-1 34 55 10 -1 -1 -1 -1 -1 
-1 -1 -1 -1 16 -1 -1 -1 -1 
-1 -1 -1 -1 -1 19 -1 -1 -1 
-1 -1 -1 -1 -1 -1 64 -1 -1 
-1 -1 -1 -1 -1 69 96 -1 -1 
-1 -1 -1 -1 -1 -1 -1 77 -1 
-1 -1 -1 -1 -1 -1 -1 -1 48 
-1 -1 -1 -1 -1 -1 -1 -1 65 
-1 -1 -1 -1 -1 -1 -1 -1 -1 
