40 64
16 88 16 38 46 77 77 92 84 51 93 72 37 70 26 73 13 34 16 11 87 27 64 91 47 58 25 32 16 31 74 91 12 12 65 35 40 68 40 17 64 27 25 73 64 98 22 60 49 84 72 80 58 40 59 49 21 24 89 33 29 81 95 55 
48 76 41 93 22 49 92 37 67 44 25 54 17 67 86 27 33 28 16 47 10 40 28 38 18 26 14 75 97 15 75 27 45 58 24 79 30 66 16 94 90 68 31 35 57 81 81 48 51 55 77 89 90 31 84 35 71 94 67 73 92 41 48 93 
48 35 42 96 43 69 30 23 70 31 89 69 18 75 77 73 22 91 22 74 29 51 30 89 36 39 15 27 46 11 97 91 10 67 26 79 11 79 37 48 21 74 76 23 54 84 88 47 52 73 66 27 99 20 30 87 75 32 13 47 40 45 72 22 
34 60 35 54 44 90 90 69 24 19 53 38 25 71 67 19 11 67 24 57 50 59 12 45 96 90 59 57 22 10 97 28 50 40 27 85 15 18 93 10 28 60 16 42 95 19 37 31 60 34 15 54 22 66 41 88 72 91 66 15 25 44 68 64 
69 96 17 54 49 33 75 98 89 87 94 91 92 36 35 32 92 33 42 58 71 37 75 27 55 79 27 91 80 32 52 70 58 64 60 39 31 78 58 56 72 76 68 87 12 52 44 27 51 42 16 75 33 52 31 39 34 40 47 82 45 53 76 89 
18 65 88 90 79 26 26 61 66 82 59 79 15 71 84 77 73 14 82 12 66 36 75 73 69 95 49 80 38 57 24 69 66 73 49 96 46 68 25 39 83 10 44 39 58 46 19 57 36 85 35 29 19 51 42 80 51 91 85 74 25 79 65 62 
54 53 57 84 36 82 64 13 87 93 61 85 30 89 14 87 25 86 59 71 48 82 32 99 81 46 73 73 31 65 23 95 68 64 37 65 17 53 96 78 99 56 39 85 23 30 99 64 45 51 96 79 62 10 69 16 51 43 26 35 97 16 88 51 
21 18 65 26 32 82 24 77 19 32 49 42 75 97 69 38 18 48 37 71 66 45 10 34 52 86 52 66 42 36 92 82 21 44 84 17 98 77 86 79 20 51 73 41 94 52 91 52 59 89 80 96 67 33 81 44 28 56 80 78 68 12 11 62 
84 29 66 40 55 88 79 39 11 55 14 88 50 53 35 56 48 30 67 10 56 36 13 62 29 54 62 79 95 91 92 41 25 11 57 88 16 10 41 69 24 25 16 47 91 58 92 29 77 13 92 99 79 70 87 30 83 75 27 17 66 44 11 64 
38 20 13 63 20 42 33 57 40 82 96 17 62 28 93 24 20 38 99 28 62 90 99 67 39 88 99 49 96 60 99 54 85 82 19 27 79 88 80 97 41 40 51 88 54 20 83 83 41 47 33 63 90 19 30 85 64 21 48 68 16 60 33 64 
14 59 46 28 82 35 19 45 86 65 31 69 11 55 13 34 31 63 69 96 35 46 24 65 11 58 34 24 74 31 23 86 61 77 19 47 68 19 39 47 62 89 25 43 91 45 89 39 24 32 54 84 65 70 82 65 53 23 66 52 24 53 53 18 
28 81 11 18 75 36 92 79 35 97 87 11 56 35 18 24 14 85 96 70 42 58 69 39 34 27 68 84 53 63 72 51 50 88 91 47 16 18 81 92 82 83 85 39 36 98 69 17 68 61 65 39 60 65 13 34 20 81 88 34 30 30 21 28 
71 74 85 12 91 17 25 89 73 24 98 45 96 65 77 91 70 89 77 31 45 59 36 98 78 96 57 76 50 66 27 75 65 87 25 48 60 41 99 68 72 25 88 75 32 48 69 13 20 40 53 60 54 86 98 57 38 61 88 75 95 24 97 93 
32 87 78 74 81 10 70 69 37 97 30 81 66 10 90 33 36 11 51 19 45 37 87 61 15 23 72 84 20 91 81 54 81 98 16 63 34 55 55 54 48 89 74 75 98 19 79 36 53 73 66 58 84 10 10 90 96 52 21 27 56 67 21 73 
50 38 77 16 13 31 29 25 38 20 96 77 13 20 88 85 96 55 32 74 34 15 25 40 63 60 81 60 11 73 18 81 64 61 74 36 57 61 10 24 48 50 52 55 35 56 32 84 57 92 59 36 23 25 14 60 48 73 61 22 17 81 33 19 
85 98 70 50 78 54 89 24 41 12 60 56 66 16 52 63 53 39 20 53 82 62 57 67 83 53 50 87 81 79 83 35 85 72 53 94 57 94 58 72 46 12 81 87 64 16 71 35 37 47 87 51 15 17 75 97 52 91 62 66 57 83 76 92 
95 19 61 17 63 16 34 15 18 96 18 41 20 68 37 30 56 33 64 68 41 33 26 68 94 24 22 53 29 90 61 15 15 77 11 53 74 93 94 57 80 72 76 30 42 64 15 17 99 14 92 49 14 15 90 31 49 64 82 42 35 62 32 93 
14 78 21 83 98 53 71 87 22 36 84 69 82 16 25 96 70 21 99 51 30 90 38 82 15 60 40 49 81 28 66 79 41 65 79 32 16 34 55 68 15 82 23 64 45 94 28 58 52 77 55 50 35 23 74 86 32 40 66 33 53 55 87 39 
78 39 87 80 35 24 66 64 40 35 16 88 94 24 25 61 93 14 28 98 30 30 10 41 24 97 44 87 80 20 21 21 22 26 20 68 82 49 27 49 98 98 20 90 40 64 80 43 48 69 51 27 26 26 36 15 42 76 11 16 29 45 34 68 
62 15 40 21 88 98 23 18 87 32 54 80 53 32 85 67 57 85 59 14 99 90 72 80 74 79 62 58 58 68 60 35 81 78 51 91 12 32 21 47 81 49 93 25 23 26 11 99 80 46 12 32 19 13 61 88 41 17 45 62 43 79 75 12 
48 26 15 33 11 75 13 79 40 85 88 99 55 81 81 71 65 96 83 41 88 64 59 46 66 72 57 16 63 19 58 18 98 99 70 71 85 54 46 31 53 30 73 91 77 42 15 58 70 25 17 48 74 47 30 34 38 33 73 50 19 42 30 46 
27 82 51 50 65 40 82 54 92 54 83 44 49 19 58 56 31 15 62 96 10 98 32 86 49 42 86 70 52 17 36 19 47 70 29 25 68 34 84 33 39 36 12 88 68 34 65 10 39 93 68 12 14 99 81 44 24 33 91 80 58 98 49 29 
83 29 65 35 82 67 20 63 52 62 24 99 70 42 66 47 92 32 56 86 87 33 16 17 49 52 17 76 69 73 72 80 15 49 28 24 11 75 37 13 37 48 53 85 90 54 52 85 59 20 31 52 91 43 51 96 97 37 64 51 40 39 20 32 
60 93 13 33 23 79 41 20 42 33 37 60 62 61 47 67 34 41 20 43 89 87 95 86 65 20 38 71 38 76 54 80 87 34 49 75 34 29 46 22 96 47 71 33 14 98 76 40 34 78 10 89 14 55 47 22 11 30 93 63 86 67 78 88 
83 70 56 74 22 96 21 69 57 27 32 76 46 90 40 75 22 80 75 86 83 49 91 76 22 48 38 92 70 53 66 20 27 95 79 28 97 53 80 89 28 72 43 28 52 95 31 79 75 60 11 60 22 80 33 58 20 23 69 82 15 43 45 90 
59 93 49 92 76 94 17 81 52 52 16 71 94 52 96 76 14 27 74 91 34 34 87 99 37 88 46 45 39 95 20 11 11 68 49 72 29 93 85 26 25 11 84 67 95 36 97 20 71 22 11 62 60 40 65 48 20 65 96 33 36 51 14 66 
94 78 57 35 42 30 40 11 79 44 76 86 26 91 92 42 99 38 56 56 91 13 59 58 32 75 28 57 51 77 95 93 38 15 80 33 88 87 89 26 82 81 86 87 81 67 69 94 48 46 74 98 53 14 26 69 65 30 30 45 59 36 34 87 
85 25 93 48 16 20 96 67 90 64 43 71 25 61 38 51 55 58 39 85 70 32 75 12 22 23 80 38 84 26 77 81 87 70 57 54 83 94 84 42 57 26 80 60 95 23 52 41 26 30 87 51 40 81 86 37 83 56 52 71 94 39 82 45 
54 48 39 14 49 45 66 92 98 77 66 92 20 86 22 34 63 75 92 27 41 90 17 29 83 77 24 26 34 43 21 38 27 28 27 29 60 74 25 92 39 72 10 95 89 89 46 40 68 32 88 55 92 58 93 79 33 93 88 32 87 78 69 86 
85 95 23 74 96 27 58 97 98 24 50 98 66 95 82 65 12 91 18 67 33 56 40 99 60 56 29 58 44 44 97 22 62 95 76 12 21 63 36 37 48 18 38 42 41 29 87 83 81 43 79 86 33 42 32 48 49 44 71 93 45 29 23 50 
92 41 83 11 53 12 38 50 63 64 75 37 47 29 96 32 38 77 26 91 48 64 66 82 16 28 23 18 86 53 50 91 25 96 24 74 95 11 85 96 68 39 42 16 60 46 52 39 45 93 28 25 71 48 22 74 69 76 13 97 22 14 42 29 
56 85 75 36 56 83 83 47 54 47 76 14 59 23 24 44 98 12 96 19 43 42 41 21 84 79 63 44 59 26 56 91 72 69 33 44 37 54 89 65 42 66 54 65 98 62 75 26 69 63 18 43 14 13 48 74 89 21 78 68 17 50 64 57 
43 40 40 58 69 62 98 26 86 90 50 34 89 93 31 60 14 11 15 16 58 36 79 49 47 42 85 20 37 98 59 97 10 90 42 87 59 34 39 51 40 98 88 38 15 56 64 70 22 44 76 79 10 99 57 15 94 33 85 23 76 23 20 53 
88 95 48 79 97 28 32 25 43 79 92 97 79 77 76 82 26 34 61 82 47 99 94 82 80 42 83 25 91 86 87 87 82 24 76 46 10 76 19 13 31 75 71 81 86 36 85 74 88 24 18 87 28 83 62 97 10 15 69 75 22 21 98 54 
37 54 35 59 39 57 48 33 50 34 98 39 87 25 61 45 59 37 59 82 28 69 30 58 45 43 97 18 83 88 84 91 44 77 37 36 66 76 36 68 20 28 29 90 53 70 44 54 65 93 70 45 31 57 72 83 40 11 71 63 34 70 82 67 
61 98 48 10 82 26 66 33 59 94 20 17 17 64 60 36 11 87 53 55 26 72 71 13 11 51 90 98 71 68 95 98 88 52 92 12 85 62 30 82 43 84 15 44 66 97 12 53 47 19 83 19 55 49 46 92 11 15 31 61 77 22 53 97 
84 65 83 59 64 28 53 28 92 42 15 77 46 24 36 44 84 14 44 29 95 18 59 99 20 51 28 75 48 42 55 41 93 33 76 48 84 55 55 14 80 80 80 24 57 38 34 21 88 98 64 31 46 41 40 25 11 80 16 66 73 15 47 57 
16 57 21 65 94 18 92 44 84 80 71 31 62 48 78 24 59 50 56 59 28 85 15 47 73 34 11 53 73 51 69 38 92 87 83 40 89 68 90 46 23 85 26 63 92 82 69 55 64 61 37 55 66 73 55 96 48 52 88 88 59 37 84 53 
46 93 97 85 17 79 65 54 63 11 67 53 45 94 10 53 78 75 57 99 71 68 24 13 81 42 28 68 47 40 25 20 41 82 23 93 31 32 78 83 81 81 59 25 65 86 44 62 17 86 42 43 24 98 83 33 56 76 74 29 53 84 92 93 
0 0 0 0 0 0 0 0 0 0 0 0 0 0 0 0 0 0 0 0 0 0 0 0 0 0 0 0 0 0 0 0 0 0 0 0 0 0 0 0 0 0 0 0 0 0 0 0 0 0 0 0 0 0 0 0 0 0 0 0 0 0 0 0 
-1 39 44 -1 -1 -1 -1 -1 -1 -1 -1 -1 -1 -1 -1 -1 -1 -1 -1 -1 -1 -1 -1 -1 -1 -1 -1 -1 -1 -1 -1 -1 -1 -1 -1 -1 -1 -1 -1 -1 
-1 -1 -1 40 51 -1 -1 -1 -1 -1 -1 -1 -1 -1 -1 -1 -1 -1 -1 -1 -1 -1 -1 -1 -1 -1 -1 -1 -1 -1 -1 -1 -1 -1 -1 -1 -1 -1 -1 -1 
-1 -1 -1 -1 -1 32 52 -1 -1 -1 -1 -1 -1 -1 -1 -1 -1 -1 -1 -1 -1 -1 -1 -1 -1 -1 -1 -1 -1 -1 -1 -1 -1 -1 -1 -1 -1 -1 -1 -1 
-1 -1 -1 -1 -1 -1 -1 46 24 -1 -1 -1 -1 -1 -1 -1 -1 -1 -1 -1 -1 -1 -1 -1 -1 -1 -1 -1 -1 -1 -1 -1 -1 -1 -1 -1 -1 -1 -1 -1 
-1 -1 -1 -1 -1 -1 -1 -1 -1 97 28 -1 -1 -1 -1 -1 -1 -1 -1 -1 -1 -1 -1 -1 -1 -1 -1 -1 -1 -1 -1 -1 -1 -1 -1 -1 -1 -1 -1 -1 
-1 -1 -1 -1 -1 -1 -1 -1 -1 -1 -1 72 25 -1 -1 -1 -1 -1 -1 -1 -1 -1 -1 -1 -1 -1 -1 -1 -1 -1 -1 -1 -1 -1 -1 -1 -1 -1 -1 -1 
-1 -1 -1 -1 -1 -1 -1 -1 -1 -1 -1 -1 -1 35 13 -1 -1 -1 -1 -1 -1 -1 -1 -1 -1 -1 -1 -1 -1 -1 -1 -1 -1 -1 -1 -1 -1 -1 -1 -1 
-1 -1 -1 -1 -1 -1 -1 -1 -1 -1 -1 -1 -1 -1 -1 16 35 -1 -1 -1 -1 -1 -1 -1 -1 -1 -1 -1 -1 -1 -1 -1 -1 -1 -1 -1 -1 -1 -1 -1 
-1 -1 -1 -1 -1 -1 -1 -1 -1 -1 -1 -1 -1 -1 -1 21 93 -1 -1 -1 -1 -1 -1 -1 -1 -1 -1 -1 -1 -1 -1 -1 -1 -1 -1 -1 -1 -1 -1 -1 
-1 -1 -1 -1 -1 -1 -1 -1 -1 -1 -1 -1 -1 -1 -1 -1 -1 20 37 -1 -1 -1 -1 -1 -1 -1 -1 -1 -1 -1 -1 -1 -1 -1 -1 -1 -1 -1 -1 -1 
-1 -1 -1 -1 -1 -1 -1 -1 -1 -1 -1 -1 -1 -1 -1 -1 -1 37 73 -1 -1 -1 -1 -1 -1 -1 -1 -1 -1 -1 -1 -1 -1 -1 -1 -1 -1 -1 -1 -1 
-1 -1 -1 -1 -1 -1 -1 -1 -1 -1 -1 -1 -1 -1 -1 -1 -1 -1 -1 52 46 -1 -1 -1 -1 -1 -1 -1 -1 -1 -1 -1 -1 -1 -1 -1 -1 -1 -1 -1 
-1 -1 -1 -1 -1 -1 -1 -1 -1 -1 -1 -1 -1 -1 -1 -1 -1 -1 -1 40 79 -1 -1 -1 -1 -1 -1 -1 -1 -1 -1 -1 -1 -1 -1 -1 -1 -1 -1 -1 
-1 -1 -1 -1 -1 -1 -1 -1 -1 -1 -1 -1 -1 -1 -1 -1 -1 -1 -1 -1 -1 74 36 -1 -1 -1 -1 -1 -1 -1 -1 -1 -1 -1 -1 -1 -1 -1 -1 -1 
-1 -1 -1 -1 -1 -1 -1 -1 -1 -1 -1 -1 -1 -1 -1 -1 -1 -1 -1 -1 -1 47 23 -1 -1 -1 -1 -1 -1 -1 -1 -1 -1 -1 -1 -1 -1 -1 -1 -1 
-1 -1 -1 -1 -1 -1 -1 -1 -1 -1 -1 -1 -1 -1 -1 -1 -1 -1 -1 -1 -1 -1 -1 15 -1 28 -1 -1 -1 -1 -1 -1 -1 -1 -1 -1 -1 -1 -1 -1 
-1 -1 -1 -1 -1 -1 -1 -1 -1 -1 -1 -1 -1 -1 -1 -1 -1 -1 -1 -1 -1 -1 -1 -1 87 -1 12 -1 -1 -1 -1 -1 -1 -1 -1 -1 -1 -1 -1 -1 
-1 -1 -1 -1 -1 -1 -1 -1 -1 -1 -1 -1 -1 -1 -1 -1 -1 -1 -1 -1 -1 -1 -1 81 -1 54 -1 -1 -1 -1 -1 -1 -1 -1 -1 -1 -1 -1 -1 -1 
-1 -1 -1 -1 -1 -1 -1 -1 -1 -1 -1 -1 -1 -1 -1 -1 -1 -1 -1 -1 -1 -1 -1 -1 12 -1 11 -1 -1 -1 -1 -1 -1 -1 -1 -1 -1 -1 -1 -1 
-1 -1 -1 -1 -1 -1 -1 -1 -1 -1 -1 -1 -1 -1 -1 -1 -1 -1 -1 -1 -1 -1 -1 -1 -1 -1 -1 98 -1 44 -1 -1 -1 -1 -1 -1 -1 -1 -1 -1 
-1 -1 -1 -1 -1 -1 -1 -1 -1 -1 -1 -1 -1 -1 -1 -1 -1 -1 -1 -1 -1 -1 -1 -1 -1 -1 -1 -1 97 -1 52 -1 -1 -1 -1 -1 -1 -1 -1 -1 
-1 -1 -1 -1 -1 -1 -1 -1 -1 -1 -1 -1 -1 -1 -1 -1 -1 -1 -1 -1 -1 -1 -1 -1 -1 -1 -1 54 -1 42 -1 -1 -1 -1 -1 -1 -1 -1 -1 -1 
-1 -1 -1 -1 -1 -1 -1 -1 -1 -1 -1 -1 -1 -1 -1 -1 -1 -1 -1 -1 -1 -1 -1 -1 -1 -1 -1 -1 99 -1 70 -1 -1 -1 -1 -1 -1 -1 -1 -1 
-1 -1 -1 -1 -1 -1 -1 -1 -1 -1 -1 -1 -1 -1 -1 -1 -1 -1 -1 -1 -1 -1 -1 -1 -1 -1 -1 -1 -1 -1 -1 90 -1 -1 -1 89 -1 -1 -1 -1 
-1 -1 -1 -1 -1 -1 -1 -1 -1 -1 -1 -1 -1 -1 -1 -1 -1 -1 -1 -1 -1 -1 -1 -1 -1 -1 -1 -1 -1 -1 -1 -1 65 -1 -1 -1 76 -1 -1 -1 
-1 -1 -1 -1 -1 -1 -1 -1 -1 -1 -1 -1 -1 -1 -1 -1 -1 -1 -1 -1 -1 -1 -1 -1 -1 -1 -1 -1 -1 -1 -1 -1 -1 22 -1 -1 -1 50 -1 -1 
-1 -1 -1 -1 -1 -1 -1 -1 -1 -1 -1 -1 -1 -1 -1 -1 -1 -1 -1 -1 -1 -1 -1 -1 -1 -1 -1 -1 -1 -1 -1 -1 -1 -1 20 -1 -1 -1 60 -1 
-1 -1 -1 -1 -1 -1 -1 -1 -1 -1 -1 -1 -1 -1 -1 -1 -1 -1 -1 -1 -1 -1 -1 -1 -1 -1 -1 -1 -1 -1 -1 14 -1 -1 -1 83 -1 -1 -1 -1 
-1 -1 -1 -1 -1 -1 -1 -1 -1 -1 -1 -1 -1 -1 -1 -1 -1 -1 -1 -1 -1 -1 -1 -1 -1 -1 -1 -1 -1 -1 -1 -1 99 -1 -1 -1 93 -1 -1 -1 
-1 -1 -1 -1 -1 -1 -1 -1 -1 -1 -1 -1 -1 -1 -1 -1 -1 -1 -1 -1 -1 -1 -1 -1 -1 -1 -1 -1 -1 -1 -1 -1 -1 71 -1 -1 -1 21 -1 -1 
-1 -1 -1 -1 -1 -1 -1 -1 -1 -1 -1 -1 -1 -1 -1 -1 -1 -1 -1 -1 -1 -1 -1 -1 -1 -1 -1 -1 -1 -1 -1 -1 -1 -1 87 -1 -1 -1 36 -1 
-1 -1 -1 -1 -1 -1 -1 -1 -1 -1 -1 -1 -1 -1 -1 -1 -1 -1 -1 -1 -1 -1 -1 -1 -1 -1 -1 -1 -1 -1 -1 -1 -1 -1 -1 -1 -1 -1 -1 0 
-1 -1 -1 -1 -1 -1 -1 -1 -1 -1 -1 -1 -1 -1 -1 -1 -1 -1 -1 -1 -1 -1 -1 -1 -1 -1 -1 -1 -1 -1 -1 -1 -1 -1 -1 -1 -1 -1 -1 0 
-1 -1 -1 -1 -1 -1 -1 -1 -1 -1 -1 -1 -1 -1 -1 -1 -1 -1 -1 -1 -1 -1 -1 -1 -1 -1 -1 -1 -1 -1 -1 -1 -1 -1 -1 -1 -1 -1 -1 0 
-1 -1 -1 -1 -1 -1 -1 -1 -1 -1 -1 -1 -1 -1 -1 -1 -1 -1 -1 -1 -1 -1 -1 -1 -1 -1 -1 -1 -1 -1 -1 -1 -1 -1 -1 -1 -1 -1 -1 0 
-1 -1 -1 -1 -1 -1 -1 -1 -1 -1 -1 -1 -1 -1 -1 -1 -1 -1 -1 -1 -1 -1 -1 -1 -1 -1 -1 -1 -1 -1 -1 -1 -1 -1 -1 -1 -1 -1 -1 0 
-1 -1 -1 -1 -1 -1 -1 -1 -1 -1 -1 -1 -1 -1 -1 -1 -1 -1 -1 -1 -1 -1 -1 -1 -1 -1 -1 -1 -1 -1 -1 -1 -1 -1 -1 -1 -1 -1 -1 0 
-1 -1 -1 -1 -1 -1 -1 -1 -1 -1 -1 -1 -1 -1 -1 -1 -1 -1 -1 -1 -1 -1 -1 -1 -1 -1 -1 -1 -1 -1 -1 -1 -1 -1 -1 -1 -1 -1 -1 0 
-1 -1 -1 -1 -1 -1 -1 -1 -1 -1 -1 -1 -1 -1 -1 -1 -1 -1 -1 -1 -1 -1 -1 -1 -1 -1 -1 -1 -1 -1 -1 -1 -1 -1 -1 -1 -1 -1 -1 0 
-1 -1 -1 -1 -1 -1 -1 -1 -1 -1 -1 -1 -1 -1 -1 -1 -1 -1 -1 -1 -1 -1 -1 -1 -1 -1 -1 -1 -1 -1 -1 -1 -1 -1 -1 -1 -1 -1 -1 -1 
