96 64
0.03 0.06 0.04 0.04 0.04 0.07 0.03 0.03 0.07 0.07 0.06 0.04 0.05 0.06 0.06 0.03 0.06 0.04 0.05 0.04 0.06 0.07 0.05 0.05 0.05 0.04 0.07 0.07 0.04 0.03 0.05 0.05 0.05 0.04 0.07 0.07 0.03 0.05 0.05 0.06 0.06 0.05 0.05 0.03 0.07 0.06 0.04 0.04 0.03 0.04 0.05 0.06 0.05 0.04 0.07 0.06 0.07 0.07 0.06 0.05 0.04 0.07 0.05 0.06
0.92 0.82 1.13 0.94 1.01 1.03 0.9 0.99 1.0 1.15 1.07 0.89 0.86 0.81 1.09 0.81 1.12 1.05 1.05 1.08 1.12 0.89 0.96 1.2 0.82 0.92 0.87 1.04 0.87 0.98 0.8 1.0 0.81 0.97 1.08 0.93 0.9 0.88 0.87 1.01 1.18 1.18 1.1 0.82 1.19 1.12 0.92 0.8 1.03 0.94 0.94 1.04 1.05 1.17 1.08 0.83 1.19 1.08 1.07 0.95 0.9 0.82 1.04 0.98
2.62 2.98 2.89 2.56 2.79 2.84 2.71 2.73 2.76 2.93 2.64 2.99 2.9 2.81 2.91 2.54 2.91 2.69 2.95 2.51 2.62 2.89 2.73 2.94 2.77 2.91 2.93 2.68 2.88 2.76 2.81 3.0 2.78 2.89 2.81 2.97 2.62 2.6 2.56 2.59 2.71 2.71 2.76 3.0 2.91 2.99 2.72 2.96 2.98 2.58 2.8 2.77 2.72 2.82 2.81 2.81 2.96 2.9 2.79 3.0 2.95 2.79 2.78 2.83
0.15 0.49 0.85 0.4 0.59 0.45 0.82 0.49 0.12 0.4 0.01 0.78 0.38 0.94 0.85 0.81 0.67 0.65 0.89 0.07 0.77 0.56 0.77 0.78 0.48 0.48 0.75 0.09 0.16 0.41 0.24 0.14 0.04 0.48 0.86 0.06 0.86 0.18 0.54 0.13 0.7 0.65 0.99 0.08 0.93 0.55 0.85 0.2 0.52 0.32 0.79 0.05 0.73 0.83 0.89 0.98 0.95 0.75 0.24 0.1 1.0 0.11 0.38 0.76
1.0 1.0 1.0 1.0 1.0 1.0 1.0 1.0 1.0 1.0 1.0 1.0 1.0 1.0 1.0 1.0 1.0 1.0 1.0 1.0 1.0 1.0 1.0 1.0 1.0 1.0 1.0 1.0 1.0 1.0 1.0 1.0 1.0 1.0 1.0 1.0 1.0 1.0 1.0 1.0 1.0 1.0 1.0 1.0 1.0 1.0 1.0 1.0 1.0 1.0 1.0 1.0 1.0 1.0 1.0 1.0 1.0 1.0 1.0 1.0 1.0 1.0 1.0 1.0
87 81 17 44 61 65 73 87 23 79 67 75 89 85 78 42 52 18 70 97 71 45 30 78 80 91 10 28 65 74 97 87 83 83 17 93 14 53 25 19 96 17 70 61 30 26 76 86 38 86 76 51 40 24 63 78 90 52 14 18 69 29 27 48
20 35 24 18 76 22 31 77 36 67 43 75 32 61 92 77 25 34 76 67 72 33 75 34 19 41 40 37 38 10 74 84 73 25 95 51 53 96 94 25 30 28 99 69 56 61 15 19 64 22 85 58 18 70 58 11 95 20 23 19 79 39 53 35
55 68 89 73 24 72 12 10 85 62 18 53 36 70 32 73 78 29 17 17 69 17 68 73 63 58 80 87 95 10 13 30 94 85 92 67 85 26 23 62 29 20 20 74 27 41 76 70 52 16 95 21 24 82 76 19 82 76 67 17 71 30 58 57
88 88 91 20 50 99 51 92 70 27 28 39 66 45 12 34 17 23 48 70 36 47 11 60 44 64 14 45 68 10 29 25 22 26 96 99 86 84 97 57 97 44 18 18 92 50 74 78 33 18 36 70 14 49 44 95 35 48 99 51 78 58 42 49
28 17 37 77 60 32 22 14 62 13 13 71 83 41 50 35 78 81 47 61 16 59 45 97 64 29 82 62 74 83 77 32 16 50 99 91 30 66 25 55 92 33 24 84 76 73 30 30 11 49 63 67 83 39 79 63 65 51 43 15 28 33 93 72
73 66 59 34 17 40 21 88 48 21 82 80 87 24 55 48 24 21 75 25 25 71 95 84 87 11 99 41 62 31 18 21 32 84 54 64 91 16 61 26 53 89 11 67 67 13 35 92 73 66 76 73 80 60 52 85 25 15 41 32 62 20 28 43
19 69 52 65 70 24 34 72 91 12 62 51 72 80 32 87 21 64 75 69 24 94 20 96 24 44 53 38 26 44 12 70 61 59 37 20 25 88 66 57 70 95 51 71 14 92 88 90 61 62 22 94 67 25 79 30 68 97 62 62 44 61 43 23
32 61 29 87 23 88 41 24 72 46 97 26 74 64 89 61 34 58 27 64 70 28 89 40 85 58 95 41 21 70 57 15 41 32 94 53 65 84 11 21 95 72 47 12 93 58 67 15 58 79 14 36 85 15 18 93 69 49 68 29 64 41 34 59
95 21 31 49 21 97 76 29 88 43 88 94 25 30 58 30 56 27 56 22 11 93 11 68 92 13 53 53 43 26 22 92 34 15 62 67 44 29 21 76 18 47 30 69 30 62 88 46 12 25 38 49 58 15 69 46 81 33 88 27 44 83 99 46
55 13 77 43 88 92 94 93 75 36 37 29 79 24 17 45 79 93 69 28 82 67 19 43 92 17 24 74 48 71 56 24 84 36 80 92 16 58 29 35 54 88 88 49 31 45 17 13 76 17 95 84 79 11 35 94 98 21 24 13 64 67 27 22
33 88 21 63 71 41 35 28 83 71 77 75 83 16 33 54 43 90 77 95 35 20 81 42 93 83 69 14 86 27 59 62 61 80 10 25 34 47 20 49 49 15 68 73 43 82 72 18 52 57 56 60 60 18 72 85 69 72 67 32 75 24 24 35
73 93 40 92 17 72 41 51 13 75 48 85 84 47 34 25 56 20 10 10 17 96 29 66 48 58 31 47 38 41 65 82 21 82 47 19 66 12 20 65 51 21 91 58 17 31 79 65 53 62 81 98 49 50 23 87 93 23 61 15 32 82 55 45
84 60 32 13 17 74 57 31 83 97 47 89 51 47 35 79 53 28 61 54 29 12 85 37 97 97 18 50 13 92 44 39 54 16 21 65 26 48 89 18 40 98 17 29 79 58 82 22 52 98 24 18 45 11 34 43 86 56 30 64 18 28 57 72
75 99 22 11 81 39 99 24 93 98 31 29 23 26 51 31 77 44 46 17 87 20 81 85 33 10 16 83 99 63 98 97 15 12 56 42 12 58 25 28 69 77 12 61 72 36 61 25 63 75 97 71 42 62 58 96 46 98 76 79 94 55 27 96
88 85 94 89 78 27 12 53 42 77 50 14 74 88 16 22 19 30 15 30 83 26 80 97 44 41 43 64 99 62 13 91 32 42 52 24 58 54 47 32 95 50 64 33 42 68 62 46 71 74 39 31 24 43 32 13 82 11 48 25 34 40 97 98
39 17 36 55 38 22 49 56 27 83 50 87 16 99 45 58 83 58 44 76 26 92 48 82 22 55 94 38 57 34 66 96 12 70 10 73 25 13 50 64 25 66 91 23 59 46 62 93 84 65 59 70 44 74 49 65 21 49 75 66 70 43 34 99
79 95 13 20 23 68 47 48 47 17 36 42 49 60 73 45 81 62 55 53 49 13 99 70 25 59 38 84 20 73 15 31 83 92 28 53 70 88 95 97 32 72 98 31 47 59 35 65 84 86 96 91 13 34 90 90 26 95 34 43 55 76 99 70
66 56 28 60 18 97 38 95 26 60 52 17 56 73 40 64 32 45 30 65 44 61 58 62 16 36 93 80 33 50 47 34 41 62 31 50 12 56 47 70 64 14 68 70 35 78 41 44 65 94 81 76 69 69 17 45 28 70 41 86 60 74 60 47
64 49 41 56 77 45 84 74 20 31 88 15 50 42 90 35 16 11 93 25 65 49 32 94 28 44 50 78 77 50 52 85 15 28 94 50 88 32 27 17 54 34 72 14 61 55 61 41 79 26 46 74 20 31 49 95 13 34 36 27 23 59 26 76
17 59 26 47 20 43 98 74 44 29 13 55 54 67 64 31 56 33 22 79 29 12 51 79 73 70 96 12 73 68 22 73 65 59 52 28 47 80 61 60 91 91 15 49 20 35 91 88 34 52 63 67 29 72 63 43 75 17 92 51 94 79 35 63
25 84 99 13 88 87 26 33 39 23 21 37 76 42 64 69 93 50 86 77 41 77 25 76 52 22 32 17 44 95 53 52 70 36 80 35 22 11 58 25 15 74 34 58 65 48 88 81 31 95 38 88 58 97 78 81 77 65 35 18 42 90 10 68
58 76 91 50 38 62 83 12 37 78 14 41 77 29 76 88 20 11 72 59 46 78 95 10 97 35 22 82 61 53 18 31 90 84 31 35 30 79 50 63 67 30 44 38 68 12 80 18 26 56 27 81 57 55 12 40 14 92 66 86 33 60 58 83
84 12 21 11 21 17 32 92 90 60 51 80 57 69 30 36 51 41 95 76 98 84 78 76 60 28 97 86 40 82 36 47 20 26 20 57 25 18 51 97 54 16 83 49 55 44 55 15 24 74 43 85 72 63 44 76 13 91 18 72 32 43 38 82
48 32 59 66 90 92 37 32 78 99 97 47 20 54 87 97 63 56 61 19 13 18 49 94 82 39 31 17 89 60 47 19 37 55 49 57 92 56 51 76 97 98 85 90 28 38 87 31 39 53 52 37 92 35 96 73 49 24 58 85 79 67 11 16
59 41 27 14 32 63 35 22 79 28 56 71 24 97 17 55 57 36 56 65 58 81 53 54 40 71 90 76 94 48 57 81 83 17 62 52 68 82 75 51 45 31 60 65 72 65 28 94 73 75 44 11 75 49 93 88 61 20 92 12 26 51 83 96
91 89 28 27 50 68 77 72 11 22 84 94 23 45 24 49 89 22 59 16 74 46 91 68 59 94 78 93 34 75 86 80 48 29 50 26 83 69 71 15 25 13 56 64 82 19 88 92 74 30 36 39 33 44 93 32 49 67 12 97 74 65 82 16
37 96 30 29 16 29 76 38 60 25 54 40 62 96 89 28 49 75 10 55 69 40 84 23 92 83 76 80 77 94 49 49 19 63 61 48 32 70 25 56 51 17 45 64 87 14 91 10 32 31 46 51 15 24 20 50 88 81 48 83 59 55 22 15
94 29 47 90 79 13 86 23 66 77 60 44 64 44 24 60 49 30 97 80 11 62 47 58 66 54 58 67 15 60 88 26 41 79 49 43 50 86 73 17 69 49 91 92 41 25 62 40 89 86 60 55 57 50 50 47 80 17 60 63 79 91 19 82
50 34 94 67 78 34 53 32 16 47 42 57 57 44 69 93 52 67 84 79 38 22 86 43 56 72 87 61 36 52 92 81 58 22 91 40 47 19 66 39 67 58 10 74 38 21 31 13 58 75 15 54 31 93 34 12 10 69 77 65 67 31 43 89
60 65 32 71 79 51 38 15 56 73 78 46 24 14 22 22 66 56 99 39 70 56 90 33 77 13 52 66 21 63 87 35 93 77 26 67 92 40 42 33 60 16 42 75 25 23 54 80 85 50 38 39 10 45 50 82 22 89 27 57 49 40 11 74
15 11 60 80 84 11 48 36 31 47 69 15 50 69 93 84 43 25 12 71 94 83 75 42 95 71 32 37 56 18 91 51 29 65 51 79 31 21 99 59 65 97 64 31 62 18 23 94 86 50 83 43 37 34 28 12 68 27 17 60 54 34 58 68
71 70 49 73 49 28 78 41 69 26 62 18 93 37 93 57 41 62 85 67 39 75 79 52 82 76 86 51 13 12 62 95 37 99 77 22 86 56 91 20 75 15 65 79 72 62 68 55 34 57 73 62 15 78 72 81 34 14 10 39 24 64 43 87
21 42 68 53 17 91 98 38 12 41 32 90 12 69 12 40 57 40 91 92 92 48 31 38 95 55 55 53 51 20 25 78 55 87 51 32 97 17 50 93 24 87 73 53 52 75 48 50 28 53 10 79 19 64 25 29 73 94 74 39 39 75 66 86
75 56 69 19 62 45 87 67 35 14 75 54 85 61 66 71 58 64 56 26 87 26 20 29 46 38 64 90 13 73 61 67 51 23 33 78 59 60 61 86 94 79 86 16 97 20 77 53 46 15 11 27 38 49 62 91 89 15 41 29 53 56 99 55
84 61 33 39 87 74 76 59 77 99 69 91 59 51 82 86 61 61 86 94 36 68 93 87 41 78 66 17 42 79 89 52 61 78 26 23 42 34 69 22 65 65 32 15 22 13 51 81 82 24 99 53 33 58 59 36 72 11 26 40 97 57 78 54
64 25 54 61 75 56 70 29 59 56 54 41 89 66 33 30 59 44 38 28 61 66 24 11 64 88 17 26 26 57 59 77 79 97 76 68 27 20 15 58 63 32 79 65 36 19 82 45 54 34 63 40 16 77 59 18 58 84 97 59 15 71 77 54
58 63 36 42 49 69 79 18 51 33 51 43 24 55 70 76 32 94 99 93 22 67 11 53 53 33 20 77 65 65 39 42 72 95 38 38 30 35 36 67 69 90 64 97 42 23 29 91 41 72 50 30 15 65 18 59 88 66 36 96 27 87 94 75
43 37 11 78 44 28 60 60 87 92 40 16 42 88 76 90 25 83 66 13 48 90 11 67 18 61 90 62 89 88 88 84 65 99 82 59 26 64 43 43 57 35 60 11 57 60 13 47 50 21 96 54 48 54 32 51 34 50 23 89 44 50 18 85
44 65 35 23 14 79 29 83 76 44 48 36 41 69 27 66 61 57 26 50 94 79 71 10 35 47 50 38 85 11 81 10 38 73 61 65 26 29 54 10 90 14 52 43 45 50 61 45 59 14 36 19 64 94 20 55 25 84 32 60 63 12 59 93
83 61 40 25 35 65 59 51 42 82 94 95 64 34 57 57 44 56 74 62 44 88 69 45 56 90 36 13 53 57 22 29 66 79 12 41 26 22 13 13 62 41 26 36 15 99 56 59 60 72 74 37 66 48 28 63 29 70 51 33 93 80 11 41
44 95 98 78 89 12 38 20 48 65 60 80 55 45 66 28 20 58 57 19 18 37 40 61 35 87 65 17 69 38 44 18 74 22 77 49 22 61 10 50 27 16 42 81 42 63 74 15 95 36 79 23 39 65 86 53 22 35 21 19 58 64 75 24
56 36 18 74 12 67 83 18 53 93 73 64 56 13 91 36 52 14 25 84 31 93 94 65 80 34 43 13 23 78 63 40 20 83 50 21 73 84 88 79 15 36 12 39 74 30 22 79 40 89 77 17 74 61 32 53 72 43 50 59 12 15 32 98
68 82 11 31 75 61 58 86 21 64 52 19 53 15 91 64 68 96 39 58 55 71 96 33 71 29 72 33 57 74 77 57 20 26 18 63 30 50 21 30 88 28 54 96 52 28 35 31 23 15 91 38 58 68 34 82 92 81 46 13 82 11 75 56
36 87 60 62 70 92 72 37 28 40 54 63 56 95 22 77 90 60 62 42 96 95 98 57 93 41 51 19 84 96 81 91 99 95 44 63 49 23 20 86 87 29 79 45 76 57 91 62 91 92 14 75 62 81 94 75 95 51 94 68 81 72 91 54
25 81 52 47 60 85 19 55 37 37 44 99 53 55 13 77 55 78 14 45 43 30 42 80 64 37 43 19 83 78 83 69 50 12 36 38 10 30 59 54 31 77 49 55 25 49 82 99 34 66 45 32 66 54 22 21 30 70 42 47 75 35 64 78
32 44 67 71 79 59 67 25 57 41 62 62 42 89 93 73 80 50 83 28 25 15 77 10 51 54 74 47 58 30 60 27 14 71 20 86 80 15 59 56 93 17 48 21 32 14 82 20 97 42 16 31 52 98 69 99 15 30 13 88 55 66 46 44
15 53 81 47 30 86 70 25 77 10 83 50 92 90 55 88 98 64 73 21 48 26 64 72 68 77 38 14 16 50 95 76 13 70 64 46 29 97 78 95 60 12 13 29 83 91 25 70 28 37 65 93 81 14 57 53 25 90 35 38 79 43 65 82
63 91 83 73 58 50 55 69 94 32 52 46 99 16 37 91 89 21 67 30 28 35 67 58 23 40 51 40 44 25 51 15 54 67 44 40 59 94 46 54 80 21 12 99 52 62 48 64 17 92 10 81 79 54 13 71 63 56 93 19 14 53 91 64
72 45 86 27 66 61 99 96 87 15 97 97 27 50 66 13 10 79 87 24 27 55 42 42 42 67 35 95 23 25 76 47 24 91 18 59 84 49 72 27 82 95 76 36 10 78 33 79 99 37 76 55 85 79 17 97 13 52 29 54 95 92 85 22
13 99 62 72 80 51 36 54 76 75 96 91 91 20 71 42 82 34 28 39 47 52 74 40 26 33 22 12 92 25 16 66 28 57 55 94 29 18 59 82 84 13 21 18 20 45 40 82 30 53 52 26 21 61 91 70 59 86 34 92 17 89 49 35
43 61 12 19 77 54 50 58 75 72 42 61 12 96 90 88 40 49 71 54 41 20 14 86 27 37 68 66 18 62 45 58 86 96 24 54 41 20 11 30 20 24 36 60 54 32 20 63 28 64 55 15 19 98 69 73 53 58 84 49 33 38 14 97
22 92 42 13 85 39 73 98 89 67 22 37 90 70 23 97 84 32 44 78 64 15 30 47 29 16 17 45 45 13 78 41 37 98 69 19 37 35 51 60 64 70 73 94 42 34 51 96 49 67 30 74 10 23 61 39 95 10 30 84 78 54 33 24
61 87 83 39 39 23 15 76 51 76 15 42 91 98 31 44 90 42 21 21 96 15 23 18 68 11 12 31 22 27 12 34 60 57 47 41 65 56 87 41 66 74 27 89 11 13 24 86 92 53 68 59 19 12 83 23 69 50 80 62 33 61 64 32
18 51 70 69 60 80 15 27 90 23 23 30 89 20 74 61 65 20 36 26 72 80 74 46 47 10 26 85 75 75 42 64 98 65 25 97 66 95 85 29 46 24 39 92 65 87 10 52 18 83 36 55 41 47 42 41 93 23 76 83 73 68 85 53
79 88 85 47 37 41 84 25 73 97 55 93 39 96 77 12 86 52 83 54 74 92 38 59 61 10 26 66 89 25 37 66 35 95 14 61 54 97 45 94 93 95 41 43 87 33 37 15 56 45 74 21 64 52 76 67 75 25 33 22 10 14 66 81
50 39 73 34 30 38 98 64 64 23 61 58 77 64 39 54 23 80 38 34 26 90 97 11 62 66 88 91 52 62 93 11 77 44 18 17 17 22 70 36 65 84 57 85 46 35 14 91 34 92 36 52 60 15 51 94 13 44 26 24 65 71 95 35
45 72 39 72 91 35 37 40 64 62 28 39 14 68 63 91 67 29 72 66 11 46 42 47 46 28 37 55 68 44 59 66 10 93 91 20 75 79 97 19 40 85 27 47 75 58 62 89 19 43 11 78 21 14 49 75 36 97 49 97 26 31 78 51
56 34 36 67 75 45 66 73 18 57 14 17 37 94 53 61 32 29 84 19 31 92 49 46 43 36 96 64 58 78 97 30 35 82 80 26 88 49 19 58 88 93 87 45 54 30 79 65 94 56 40 11 31 98 34 26 46 89 77 30 20 16 75 41
52 91 19 26 59 13 27 27 44 73 49 50 12 32 60 25 41 80 31 21 70 14 79 79 34 22 61 18 81 12 24 12 93 35 30 35 37 64 34 35 70 57 45 86 71 76 47 16 17 41 97 79 49 27 39 13 47 69 38 88 36 55 67 34
19 28 17 30 73 66 52 75 26 65 96 31 21 24 53 95 73 73 31 21 96 95 61 58 96 30 84 52 34 28 99 24 45 99 56 28 33 95 25 99 22 53 68 74 75 68 41 27 98 62 25 96 63 75 75 62 27 33 35 83 12 63 52 10
21 19 23 54 11 39 34 18 24 80 40 90 33 12 76 47 19 62 93 66 48 35 28 36 50 39 90 10 69 90 95 59 22 64 75 60 71 55 30 21 20 26 51 91 29 63 49 18 33 34 59 58 21 94 27 62 47 38 58 93 24 88 30 25
33 30 60 55 34 62 74 17 40 11 32 87 60 73 98 66 40 46 81 10 67 98 98 65 60 70 54 13 98 17 23 80 69 12 68 68 45 84 86 86 10 71 36 40 42 61 30 50 46 38 94 83 19 74 95 39 73 14 59 12 32 72 35 99
25 18 15 80 35 61 18 76 65 62 97 95 12 92 14 21 52 21 60 69 81 26 97 15 66 71 24 26 71 97 87 63 79 55 32 71 32 41 70 72 20 15 24 76 52 68 19 31 35 44 47 65 32 90 83 13 19 78 72 78 14 64 77 63
29 28 34 50 23 62 68 10 74 69 98 82 60 75 44 40 15 89 12 29 69 64 79 25 36 41 64 78 38 63 49 24 43 31 59 89 92 46 80 63 42 96 41 35 48 22 14 46 23 59 72 68 97 11 76 33 10 41 42 25 41 50 47 24
23 17 65 80 80 10 33 26 35 61 31 82 71 10 57 32 56 61 78 82 41 58 15 34 89 26 54 81 68 89 65 95 69 97 31 17 45 96 64 81 42 20 21 21 89 62 87 36 67 31 38 98 22 17 56 84 15 41 56 55 20 14 13 19
14 11 63 51 54 47 65 56 32 64 21 34 52 96 38 36 36 43 14 97 60 25 42 51 65 98 89 87 39 18 18 86 64 83 77 40 83 69 77 21 12 41 91 95 63 47 47 70 37 59 85 88 83 67 67 27 52 45 97 59 95 86 94 39
15 90 65 79 65 50 45 74 31 85 52 26 88 29 46 19 37 46 28 98 58 19 61 50 68 46 93 21 37 15 48 18 43 80 38 98 36 56 23 20 78 16 25 58 31 32 62 99 82 39 73 39 52 76 41 59 20 27 28 17 72 91 37 36
36 13 23 69 97 31 52 92 89 24 41 97 85 48 59 29 41 92 44 60 13 35 23 84 72 12 60 24 54 57 19 85 40 64 22 66 97 85 67 23 16 53 53 87 80 10 86 52 52 86 29 92 40 96 34 91 46 42 78 29 67 93 69 22
24 43 42 37 57 84 44 96 22 55 20 82 61 68 76 30 73 46 48 23 65 49 10 56 58 90 52 49 68 61 26 65 28 31 43 58 93 79 72 34 88 94 46 42 65 21 31 93 51 14 46 79 54 27 41 70 65 10 91 80 28 41 43 84
79 42 70 46 84 68 41 83 80 42 53 99 47 27 69 56 94 80 56 92 12 12 21 15 66 39 30 40 30 37 64 79 57 43 92 20 84 32 85 38 83 73 71 14 24 54 86 48 17 43 14 23 33 27 63 87 44 50 15 98 30 72 93 22
14 55 79 79 29 35 18 66 54 77 85 47 34 82 72 70 70 74 38 88 88 92 44 50 20 16 31 61 18 46 26 41 42 19 32 20 15 88 61 88 36 61 63 60 63 80 11 44 74 80 70 60 43 11 69 94 67 92 87 70 36 80 42 77
54 35 73 48 45 21 83 88 83 99 76 75 83 80 83 22 62 34 12 97 35 28 73 54 35 66 42 83 28 93 73 68 34 36 37 24 75 88 95 22 81 32 83 68 16 82 61 94 52 90 84 21 98 16 84 80 88 86 84 58 13 67 24 56
59 56 72 39 47 56 17 21 45 83 85 28 63 91 96 88 86 21 60 78 40 11 99 60 61 57 29 39 61 22 73 14 29 71 74 69 36 20 33 77 47 61 31 78 21 32 79 92 93 84 28 78 33 58 25 87 47 61 87 67 87 46 37 13
90 90 30 86 51 18 16 25 32 37 83 94 44 43 87 98 55 44 40 32 24 13 63 13 25 58 69 27 64 43 25 19 65 48 21 67 69 98 42 16 10 70 39 57 63 86 59 53 77 45 88 41 21 18 49 55 54 96 99 48 93 89 15 83
79 40 83 14 27 24 59 74 58 67 38 14 35 78 45 48 68 28 49 96 78 21 23 81 13 51 27 72 73 78 63 54 76 84 46 11 81 64 26 63 29 90 69 44 46 18 48 48 20 79 90 32 76 82 62 28 39 73 12 88 30 45 50 10
92 80 43 44 13 51 64 97 19 69 60 77 36 13 15 65 28 92 37 11 80 57 83 44 48 43 76 80 28 28 31 54 38 69 17 84 40 39 47 67 62 86 70 74 80 50 70 97 24 92 69 81 82 18 30 25 32 52 62 27 64 57 38 18
11 85 41 92 12 40 75 25 59 67 84 60 88 36 24 96 22 95 93 74 44 26 18 52 30 11 24 66 36 90 99 82 90 50 15 45 13 22 85 41 12 97 85 81 13 15 95 90 91 23 75 98 37 10 24 39 42 86 71 69 84 70 12 40
17 44 14 57 53 75 81 68 67 40 88 21 37 83 63 34 75 16 77 68 32 97 27 56 67 22 75 25 67 87 73 40 99 58 23 76 86 18 35 94 62 79 75 26 99 22 47 52 55 39 86 98 59 79 74 69 66 14 14 74 72 55 36 40
15 15 31 43 17 11 38 27 72 17 92 45 63 73 36 49 87 27 16 42 43 43 20 12 23 87 84 24 76 25 72 42 39 33 49 88 90 72 16 32 42 84 62 61 23 44 80 52 32 71 60 72 74 58 15 74 41 27 55 38 44 30 38 59
40 49 48 83 51 75 32 32 94 45 74 44 44 56 47 87 69 15 12 72 27 15 81 24 21 75 82 16 79 47 19 25 21 52 21 91 87 82 19 53 63 50 88 83 47 24 79 57 38 73 84 16 62 99 97 37 24 88 82 50 68 76 68 38
87 70 89 96 72 12 95 97 86 49 19 37 53 27 82 83 85 29 47 51 79 21 68 80 63 43 96 47 69 67 14 22 49 87 13 78 52 90 42 43 31 28 45 95 12 14 34 57 99 70 98 21 35 26 78 40 11 61 47 86 59 75 62 71
81 13 25 26 65 17 69 43 36 62 52 32 83 69 67 88 71 99 52 49 54 98 60 13 18 15 62 73 87 34 41 79 98 96 47 12 50 19 29 72 20 84 31 95 76 42 46 51 96 44 72 62 17 89 49 89 57 36 91 57 59 78 54 28
45 16 50 41 26 20 51 18 23 31 29 11 64 12 74 27 71 72 76 83 55 38 72 79 76 73 11 52 21 64 13 71 76 91 51 40 47 64 22 63 60 49 86 98 15 82 36 55 12 41 80 90 78 15 95 57 62 81 24 27 96 41 47 98
89 16 18 26 31 14 18 81 32 63 77 47 15 20 14 46 45 15 21 65 87 19 28 85 97 60 16 93 93 55 95 22 80 76 22 22 32 14 94 30 82 65 51 31 83 36 81 60 46 54 49 61 46 20 84 17 88 53 68 51 24 35 40 89
43 83 90 28 75 85 69 72 60 91 29 75 93 31 17 50 40 36 32 48 28 17 83 13 59 99 56 26 27 25 44 41 48 28 29 97 35 59 42 11 39 73 97 33 54 10 79 36 49 61 19 99 69 15 68 17 71 12 12 91 47 56 74 38
77 68 49 68 40 86 71 63 28 49 52 18 72 84 46 42 95 25 20 72 66 87 48 32 98 70 58 15 27 58 93 31 81 88 82 31 91 38 24 72 43 42 95 28 57 82 36 92 65 37 79 54 28 33 62 51 76 13 28 83 28 78 27 93
34 43 85 29 11 88 93 42 85 28 32 86 97 49 99 10 34 79 14 22 76 45 57 54 99 35 63 31 98 52 32 25 39 65 81 80 71 69 45 77 89 97 11 71 81 20 20 78 73 39 26 38 31 31 86 32 30 34 92 58 33 67 38 71
57 92 41 99 52 64 38 39 62 31 45 36 47 22 92 38 97 88 95 91 86 67 44 69 97 34 44 66 31 78 58 23 76 18 72 56 55 30 68 43 84 77 38 24 31 41 97 97 81 89 46 20 18 38 76 23 89 71 81 23 14 92 85 55
87 98 48 69 28 69 46 21 46 36 62 91 34 99 55 59 67 30 85 63 75 57 98 29 50 81 31 71 85 29 85 60 88 39 63 71 40 34 88 75 14 13 57 80 45 70 96 83 62 94 80 45 21 67 89 71 49 83 53 65 85 69 52 69
38 53 58 49 56 13 40 98 76 94 68 13 49 70 22 42 92 48 81 18 12 70 48 35 10 54 80 26 38 64 88 10 39 56 71 64 95 15 11 98 31 59 88 51 62 87 28 74 85 99 51 75 81 96 61 11 63 86 67 61 29 18 86 91
27 39 27 80 36 85 31 40 18 12 61 38 46 85 70 52 60 23 43 23 50 57 33 97 29 83 52 91 73 41 65 94 94 27 45 95 51 52 17 64 65 73 75 40 24 45 35 75 19 94 81 78 68 62 44 65 58 25 83 49 95 60 59 36
13 66 71 49 78 58 83 36 96 88 42 53 83 95 43 95 62 34 74 10 12 99 84 45 30 95 95 29 38 93 83 91 33 30 90 13 51 32 17 62 50 84 11 40 83 63 72 80 39 61 99 42 90 55 74 85 33 47 14 77 21 76 93 58
66 52 15 18 85 79 63 44 85 38 97 95 75 72 96 64 58 86 57 72 64 24 87 74 54 85 33 34 14 49 20 57 92 42 75 81 67 38 47 86 36 74 80 62 50 32 63 94 29 49 80 93 33 53 52 42 75 57 13 85 32 48 10 10
37 12 59 90 27 28 16 35 36 41 76 88 89 41 91 49 58 96 79 90 93 18 50 93 21 46 82 56 71 77 56 86 18 45 25 47 13 81 45 46 32 47 24 52 54 95 21 50 99 69 12 99 60 75 87 84 79 61 70 45 91 29 34 56
94 49 79 65 81 86 67 84 88 55 23 34 86 38 63 72 68 16 53 58 33 79 83 85 40 56 88 34 90 67 99 21 84 94 47 69 42 66 44 69 27 49 69 46 48 96 16 81 56 41 65 95 15 94 99 71 81 76 50 40 41 80 48 15
0 0 0 0 0 0 0 0 0 0 0 0 0 0 0 0 0 0 0 0 0 0 0 0 0 0 0 0 0 0 0 0 0 0 0 0 0 0 0 0 0 0 0 0 0 0 0 0 0 0 0 0 0 0 0 0 0 0 0 0 0 0 0 0
-1 20 96 -1 -1 -1 -1 -1 -1 -1 -1 -1 -1 -1 -1 -1 -1 -1 -1 -1 -1 -1 -1 -1 -1 -1 -1 -1 -1 -1 -1 -1 -1 -1 -1 -1 -1 -1 -1 -1 -1 -1 -1 -1 -1 -1 -1 -1 -1 -1 -1 -1 -1 -1 -1 -1 -1 -1 -1 -1 -1 -1 -1 -1 -1 -1 -1 -1 -1 -1 -1 -1 -1 -1 -1 -1 -1 -1 -1 -1 -1 -1 -1 -1 -1 -1 -1 -1 -1 -1 -1 -1 -1 -1 -1 -1
-1 -1 -1 24 82 -1 -1 -1 -1 -1 -1 -1 -1 -1 -1 -1 -1 -1 -1 -1 -1 -1 -1 -1 -1 -1 -1 -1 -1 -1 -1 -1 -1 -1 -1 -1 -1 -1 -1 -1 -1 -1 -1 -1 -1 -1 -1 -1 -1 -1 -1 -1 -1 -1 -1 -1 -1 -1 -1 -1 -1 -1 -1 -1 -1 -1 -1 -1 -1 -1 -1 -1 -1 -1 -1 -1 -1 -1 -1 -1 -1 -1 -1 -1 -1 -1 -1 -1 -1 -1 -1 -1 -1 -1 -1 -1
-1 -1 -1 -1 -1 36 33 -1 -1 -1 -1 -1 -1 -1 -1 -1 -1 -1 -1 -1 -1 -1 -1 -1 -1 -1 -1 -1 -1 -1 -1 -1 -1 -1 -1 -1 -1 -1 -1 -1 -1 -1 -1 -1 -1 -1 -1 -1 -1 -1 -1 -1 -1 -1 -1 -1 -1 -1 -1 -1 -1 -1 -1 -1 -1 -1 -1 -1 -1 -1 -1 -1 -1 -1 -1 -1 -1 -1 -1 -1 -1 -1 -1 -1 -1 -1 -1 -1 -1 -1 -1 -1 -1 -1 -1 -1
-1 -1 -1 -1 -1 -1 -1 85 62 -1 -1 -1 -1 -1 -1 -1 -1 -1 -1 -1 -1 -1 -1 -1 -1 -1 -1 -1 -1 -1 -1 -1 -1 -1 -1 -1 -1 -1 -1 -1 -1 -1 -1 -1 -1 -1 -1 -1 -1 -1 -1 -1 -1 -1 -1 -1 -1 -1 -1 -1 -1 -1 -1 -1 -1 -1 -1 -1 -1 -1 -1 -1 -1 -1 -1 -1 -1 -1 -1 -1 -1 -1 -1 -1 -1 -1 -1 -1 -1 -1 -1 -1 -1 -1 -1 -1
-1 -1 -1 -1 -1 -1 -1 -1 -1 39 98 -1 -1 -1 -1 -1 -1 -1 -1 -1 -1 -1 -1 -1 -1 -1 -1 -1 -1 -1 -1 -1 -1 -1 -1 -1 -1 -1 -1 -1 -1 -1 -1 -1 -1 -1 -1 -1 -1 -1 -1 -1 -1 -1 -1 -1 -1 -1 -1 -1 -1 -1 -1 -1 -1 -1 -1 -1 -1 -1 -1 -1 -1 -1 -1 -1 -1 -1 -1 -1 -1 -1 -1 -1 -1 -1 -1 -1 -1 -1 -1 -1 -1 -1 -1 -1
-1 -1 -1 -1 -1 -1 -1 -1 -1 -1 -1 76 21 -1 -1 -1 -1 -1 -1 -1 -1 -1 -1 -1 -1 -1 -1 -1 -1 -1 -1 -1 -1 -1 -1 -1 -1 -1 -1 -1 -1 -1 -1 -1 -1 -1 -1 -1 -1 -1 -1 -1 -1 -1 -1 -1 -1 -1 -1 -1 -1 -1 -1 -1 -1 -1 -1 -1 -1 -1 -1 -1 -1 -1 -1 -1 -1 -1 -1 -1 -1 -1 -1 -1 -1 -1 -1 -1 -1 -1 -1 -1 -1 -1 -1 -1
-1 -1 -1 -1 -1 -1 -1 -1 -1 -1 -1 -1 -1 22 93 -1 -1 -1 -1 -1 -1 -1 -1 -1 -1 -1 -1 -1 -1 -1 -1 -1 -1 -1 -1 -1 -1 -1 -1 -1 -1 -1 -1 -1 -1 -1 -1 -1 -1 -1 -1 -1 -1 -1 -1 -1 -1 -1 -1 -1 -1 -1 -1 -1 -1 -1 -1 -1 -1 -1 -1 -1 -1 -1 -1 -1 -1 -1 -1 -1 -1 -1 -1 -1 -1 -1 -1 -1 -1 -1 -1 -1 -1 -1 -1 -1
-1 -1 -1 -1 -1 -1 -1 -1 -1 -1 -1 -1 -1 -1 -1 30 43 -1 -1 -1 -1 -1 -1 -1 -1 -1 -1 -1 -1 -1 -1 -1 -1 -1 -1 -1 -1 -1 -1 -1 -1 -1 -1 -1 -1 -1 -1 -1 -1 -1 -1 -1 -1 -1 -1 -1 -1 -1 -1 -1 -1 -1 -1 -1 -1 -1 -1 -1 -1 -1 -1 -1 -1 -1 -1 -1 -1 -1 -1 -1 -1 -1 -1 -1 -1 -1 -1 -1 -1 -1 -1 -1 -1 -1 -1 -1
-1 -1 -1 -1 -1 -1 -1 -1 -1 -1 -1 -1 -1 -1 -1 -1 -1 21 11 -1 -1 -1 -1 -1 -1 -1 -1 -1 -1 -1 -1 -1 -1 -1 -1 -1 -1 -1 -1 -1 -1 -1 -1 -1 -1 -1 -1 -1 -1 -1 -1 -1 -1 -1 -1 -1 -1 -1 -1 -1 -1 -1 -1 -1 -1 -1 -1 -1 -1 -1 -1 -1 -1 -1 -1 -1 -1 -1 -1 -1 -1 -1 -1 -1 -1 -1 -1 -1 -1 -1 -1 -1 -1 -1 -1 -1
-1 -1 -1 -1 -1 -1 -1 -1 -1 -1 -1 -1 -1 -1 -1 -1 -1 -1 -1 27 48 -1 -1 -1 -1 -1 -1 -1 -1 -1 -1 -1 -1 -1 -1 -1 -1 -1 -1 -1 -1 -1 -1 -1 -1 -1 -1 -1 -1 -1 -1 -1 -1 -1 -1 -1 -1 -1 -1 -1 -1 -1 -1 -1 -1 -1 -1 -1 -1 -1 -1 -1 -1 -1 -1 -1 -1 -1 -1 -1 -1 -1 -1 -1 -1 -1 -1 -1 -1 -1 -1 -1 -1 -1 -1 -1
-1 -1 -1 -1 -1 -1 -1 -1 -1 -1 -1 -1 -1 -1 -1 -1 -1 -1 -1 -1 -1 19 26 -1 -1 -1 -1 -1 -1 -1 -1 -1 -1 -1 -1 -1 -1 -1 -1 -1 -1 -1 -1 -1 -1 -1 -1 -1 -1 -1 -1 -1 -1 -1 -1 -1 -1 -1 -1 -1 -1 -1 -1 -1 -1 -1 -1 -1 -1 -1 -1 -1 -1 -1 -1 -1 -1 -1 -1 -1 -1 -1 -1 -1 -1 -1 -1 -1 -1 -1 -1 -1 -1 -1 -1 -1
-1 -1 -1 -1 -1 -1 -1 -1 -1 -1 -1 -1 -1 -1 -1 -1 -1 -1 -1 -1 -1 -1 -1 82 80 -1 -1 -1 -1 -1 -1 -1 -1 -1 -1 -1 -1 -1 -1 -1 -1 -1 -1 -1 -1 -1 -1 -1 -1 -1 -1 -1 -1 -1 -1 -1 -1 -1 -1 -1 -1 -1 -1 -1 -1 -1 -1 -1 -1 -1 -1 -1 -1 -1 -1 -1 -1 -1 -1 -1 -1 -1 -1 -1 -1 -1 -1 -1 -1 -1 -1 -1 -1 -1 -1 -1
-1 -1 -1 -1 -1 -1 -1 -1 -1 -1 -1 -1 -1 -1 -1 -1 -1 -1 -1 -1 -1 -1 -1 -1 -1 16 70 -1 -1 -1 -1 -1 -1 -1 -1 -1 -1 -1 -1 -1 -1 -1 -1 -1 -1 -1 -1 -1 -1 -1 -1 -1 -1 -1 -1 -1 -1 -1 -1 -1 -1 -1 -1 -1 -1 -1 -1 -1 -1 -1 -1 -1 -1 -1 -1 -1 -1 -1 -1 -1 -1 -1 -1 -1 -1 -1 -1 -1 -1 -1 -1 -1 -1 -1 -1 -1
-1 -1 -1 -1 -1 -1 -1 -1 -1 -1 -1 -1 -1 -1 -1 -1 -1 -1 -1 -1 -1 -1 -1 -1 -1 -1 -1 25 92 -1 -1 -1 -1 -1 -1 -1 -1 -1 -1 -1 -1 -1 -1 -1 -1 -1 -1 -1 -1 -1 -1 -1 -1 -1 -1 -1 -1 -1 -1 -1 -1 -1 -1 -1 -1 -1 -1 -1 -1 -1 -1 -1 -1 -1 -1 -1 -1 -1 -1 -1 -1 -1 -1 -1 -1 -1 -1 -1 -1 -1 -1 -1 -1 -1 -1 -1
-1 -1 -1 -1 -1 -1 -1 -1 -1 -1 -1 -1 -1 -1 -1 -1 -1 -1 -1 -1 -1 -1 -1 -1 -1 -1 -1 -1 -1 83 72 -1 -1 -1 -1 -1 -1 -1 -1 -1 -1 -1 -1 -1 -1 -1 -1 -1 -1 -1 -1 -1 -1 -1 -1 -1 -1 -1 -1 -1 -1 -1 -1 -1 -1 -1 -1 -1 -1 -1 -1 -1 -1 -1 -1 -1 -1 -1 -1 -1 -1 -1 -1 -1 -1 -1 -1 -1 -1 -1 -1 -1 -1 -1 -1 -1
-1 -1 -1 -1 -1 -1 -1 -1 -1 -1 -1 -1 -1 -1 -1 -1 -1 -1 -1 -1 -1 -1 -1 -1 -1 -1 -1 -1 -1 -1 -1 96 69 -1 -1 -1 -1 -1 -1 -1 -1 -1 -1 -1 -1 -1 -1 -1 -1 -1 -1 -1 -1 -1 -1 -1 -1 -1 -1 -1 -1 -1 -1 -1 -1 -1 -1 -1 -1 -1 -1 -1 -1 -1 -1 -1 -1 -1 -1 -1 -1 -1 -1 -1 -1 -1 -1 -1 -1 -1 -1 -1 -1 -1 -1 -1
-1 -1 -1 -1 -1 -1 -1 -1 -1 -1 -1 -1 -1 -1 -1 -1 -1 -1 -1 -1 -1 -1 -1 -1 -1 -1 -1 -1 -1 -1 -1 43 43 -1 -1 -1 -1 -1 -1 -1 -1 -1 -1 -1 -1 -1 -1 -1 -1 -1 -1 -1 -1 -1 -1 -1 -1 -1 -1 -1 -1 -1 -1 -1 -1 -1 -1 -1 -1 -1 -1 -1 -1 -1 -1 -1 -1 -1 -1 -1 -1 -1 -1 -1 -1 -1 -1 -1 -1 -1 -1 -1 -1 -1 -1 -1
-1 -1 -1 -1 -1 -1 -1 -1 -1 -1 -1 -1 -1 -1 -1 -1 -1 -1 -1 -1 -1 -1 -1 -1 -1 -1 -1 -1 -1 -1 -1 -1 -1 82 100 -1 -1 -1 -1 -1 -1 -1 -1 -1 -1 -1 -1 -1 -1 -1 -1 -1 -1 -1 -1 -1 -1 -1 -1 -1 -1 -1 -1 -1 -1 -1 -1 -1 -1 -1 -1 -1 -1 -1 -1 -1 -1 -1 -1 -1 -1 -1 -1 -1 -1 -1 -1 -1 -1 -1 -1 -1 -1 -1 -1 -1
-1 -1 -1 -1 -1 -1 -1 -1 -1 -1 -1 -1 -1 -1 -1 -1 -1 -1 -1 -1 -1 -1 -1 -1 -1 -1 -1 -1 -1 -1 -1 -1 -1 20 42 -1 -1 -1 -1 -1 -1 -1 -1 -1 -1 -1 -1 -1 -1 -1 -1 -1 -1 -1 -1 -1 -1 -1 -1 -1 -1 -1 -1 -1 -1 -1 -1 -1 -1 -1 -1 -1 -1 -1 -1 -1 -1 -1 -1 -1 -1 -1 -1 -1 -1 -1 -1 -1 -1 -1 -1 -1 -1 -1 -1 -1
-1 -1 -1 -1 -1 -1 -1 -1 -1 -1 -1 -1 -1 -1 -1 -1 -1 -1 -1 -1 -1 -1 -1 -1 -1 -1 -1 -1 -1 -1 -1 -1 -1 -1 -1 86 12 -1 -1 -1 -1 -1 -1 -1 -1 -1 -1 -1 -1 -1 -1 -1 -1 -1 -1 -1 -1 -1 -1 -1 -1 -1 -1 -1 -1 -1 -1 -1 -1 -1 -1 -1 -1 -1 -1 -1 -1 -1 -1 -1 -1 -1 -1 -1 -1 -1 -1 -1 -1 -1 -1 -1 -1 -1 -1 -1
-1 -1 -1 -1 -1 -1 -1 -1 -1 -1 -1 -1 -1 -1 -1 -1 -1 -1 -1 -1 -1 -1 -1 -1 -1 -1 -1 -1 -1 -1 -1 -1 -1 -1 -1 63 90 -1 -1 -1 -1 -1 -1 -1 -1 -1 -1 -1 -1 -1 -1 -1 -1 -1 -1 -1 -1 -1 -1 -1 -1 -1 -1 -1 -1 -1 -1 -1 -1 -1 -1 -1 -1 -1 -1 -1 -1 -1 -1 -1 -1 -1 -1 -1 -1 -1 -1 -1 -1 -1 -1 -1 -1 -1 -1 -1
-1 -1 -1 -1 -1 -1 -1 -1 -1 -1 -1 -1 -1 -1 -1 -1 -1 -1 -1 -1 -1 -1 -1 -1 -1 -1 -1 -1 -1 -1 -1 -1 -1 -1 -1 -1 -1 44 46 -1 -1 -1 -1 -1 -1 -1 -1 -1 -1 -1 -1 -1 -1 -1 -1 -1 -1 -1 -1 -1 -1 -1 -1 -1 -1 -1 -1 -1 -1 -1 -1 -1 -1 -1 -1 -1 -1 -1 -1 -1 -1 -1 -1 -1 -1 -1 -1 -1 -1 -1 -1 -1 -1 -1 -1 -1
-1 -1 -1 -1 -1 -1 -1 -1 -1 -1 -1 -1 -1 -1 -1 -1 -1 -1 -1 -1 -1 -1 -1 -1 -1 -1 -1 -1 -1 -1 -1 -1 -1 -1 -1 -1 -1 92 32 -1 -1 -1 -1 -1 -1 -1 -1 -1 -1 -1 -1 -1 -1 -1 -1 -1 -1 -1 -1 -1 -1 -1 -1 -1 -1 -1 -1 -1 -1 -1 -1 -1 -1 -1 -1 -1 -1 -1 -1 -1 -1 -1 -1 -1 -1 -1 -1 -1 -1 -1 -1 -1 -1 -1 -1 -1
-1 -1 -1 -1 -1 -1 -1 -1 -1 -1 -1 -1 -1 -1 -1 -1 -1 -1 -1 -1 -1 -1 -1 -1 -1 -1 -1 -1 -1 -1 -1 -1 -1 -1 -1 -1 -1 -1 -1 95 92 -1 -1 -1 -1 -1 -1 -1 -1 -1 -1 -1 -1 -1 -1 -1 -1 -1 -1 -1 -1 -1 -1 -1 -1 -1 -1 -1 -1 -1 -1 -1 -1 -1 -1 -1 -1 -1 -1 -1 -1 -1 -1 -1 -1 -1 -1 -1 -1 -1 -1 -1 -1 -1 -1 -1
-1 -1 -1 -1 -1 -1 -1 -1 -1 -1 -1 -1 -1 -1 -1 -1 -1 -1 -1 -1 -1 -1 -1 -1 -1 -1 -1 -1 -1 -1 -1 -1 -1 -1 -1 -1 -1 -1 -1 75 28 -1 -1 -1 -1 -1 -1 -1 -1 -1 -1 -1 -1 -1 -1 -1 -1 -1 -1 -1 -1 -1 -1 -1 -1 -1 -1 -1 -1 -1 -1 -1 -1 -1 -1 -1 -1 -1 -1 -1 -1 -1 -1 -1 -1 -1 -1 -1 -1 -1 -1 -1 -1 -1 -1 -1
-1 -1 -1 -1 -1 -1 -1 -1 -1 -1 -1 -1 -1 -1 -1 -1 -1 -1 -1 -1 -1 -1 -1 -1 -1 -1 -1 -1 -1 -1 -1 -1 -1 -1 -1 -1 -1 -1 -1 -1 -1 19 35 -1 -1 -1 -1 -1 -1 -1 -1 -1 -1 -1 -1 -1 -1 -1 -1 -1 -1 -1 -1 -1 -1 -1 -1 -1 -1 -1 -1 -1 -1 -1 -1 -1 -1 -1 -1 -1 -1 -1 -1 -1 -1 -1 -1 -1 -1 -1 -1 -1 -1 -1 -1 -1
-1 -1 -1 -1 -1 -1 -1 -1 -1 -1 -1 -1 -1 -1 -1 -1 -1 -1 -1 -1 -1 -1 -1 -1 -1 -1 -1 -1 -1 -1 -1 -1 -1 -1 -1 -1 -1 -1 -1 -1 -1 79 89 -1 -1 -1 -1 -1 -1 -1 -1 -1 -1 -1 -1 -1 -1 -1 -1 -1 -1 -1 -1 -1 -1 -1 -1 -1 -1 -1 -1 -1 -1 -1 -1 -1 -1 -1 -1 -1 -1 -1 -1 -1 -1 -1 -1 -1 -1 -1 -1 -1 -1 -1 -1 -1
-1 -1 -1 -1 -1 -1 -1 -1 -1 -1 -1 -1 -1 -1 -1 -1 -1 -1 -1 -1 -1 -1 -1 -1 -1 -1 -1 -1 -1 -1 -1 -1 -1 -1 -1 -1 -1 -1 -1 -1 -1 -1 -1 33 61 -1 -1 -1 -1 -1 -1 -1 -1 -1 -1 -1 -1 -1 -1 -1 -1 -1 -1 -1 -1 -1 -1 -1 -1 -1 -1 -1 -1 -1 -1 -1 -1 -1 -1 -1 -1 -1 -1 -1 -1 -1 -1 -1 -1 -1 -1 -1 -1 -1 -1 -1
-1 -1 -1 -1 -1 -1 -1 -1 -1 -1 -1 -1 -1 -1 -1 -1 -1 -1 -1 -1 -1 -1 -1 -1 -1 -1 -1 -1 -1 -1 -1 -1 -1 -1 -1 -1 -1 -1 -1 -1 -1 -1 -1 37 61 -1 -1 -1 -1 -1 -1 -1 -1 -1 -1 -1 -1 -1 -1 -1 -1 -1 -1 -1 -1 -1 -1 -1 -1 -1 -1 -1 -1 -1 -1 -1 -1 -1 -1 -1 -1 -1 -1 -1 -1 -1 -1 -1 -1 -1 -1 -1 -1 -1 -1 -1
-1 -1 -1 -1 -1 -1 -1 -1 -1 -1 -1 -1 -1 -1 -1 -1 -1 -1 -1 -1 -1 -1 -1 -1 -1 -1 -1 -1 -1 -1 -1 -1 -1 -1 -1 -1 -1 -1 -1 -1 -1 -1 -1 -1 -1 91 65 -1 -1 -1 -1 -1 -1 -1 -1 -1 -1 -1 -1 -1 -1 -1 -1 -1 -1 -1 -1 -1 -1 -1 -1 -1 -1 -1 -1 -1 -1 -1 -1 -1 -1 -1 -1 -1 -1 -1 -1 -1 -1 -1 -1 -1 -1 -1 -1 -1
-1 -1 -1 -1 -1 -1 -1 -1 -1 -1 -1 -1 -1 -1 -1 -1 -1 -1 -1 -1 -1 -1 -1 -1 -1 -1 -1 -1 -1 -1 -1 -1 -1 -1 -1 -1 -1 -1 -1 -1 -1 -1 -1 -1 -1 70 46 -1 -1 -1 -1 -1 -1 -1 -1 -1 -1 -1 -1 -1 -1 -1 -1 -1 -1 -1 -1 -1 -1 -1 -1 -1 -1 -1 -1 -1 -1 -1 -1 -1 -1 -1 -1 -1 -1 -1 -1 -1 -1 -1 -1 -1 -1 -1 -1 -1
-1 -1 -1 -1 -1 -1 -1 -1 -1 -1 -1 -1 -1 -1 -1 -1 -1 -1 -1 -1 -1 -1 -1 -1 -1 -1 -1 -1 -1 -1 -1 -1 -1 -1 -1 -1 -1 -1 -1 -1 -1 -1 -1 -1 -1 -1 -1 69 -1 92 -1 -1 -1 -1 -1 -1 -1 -1 -1 -1 -1 -1 -1 -1 -1 -1 -1 -1 -1 -1 -1 -1 -1 -1 -1 -1 -1 -1 -1 -1 -1 -1 -1 -1 -1 -1 -1 -1 -1 -1 -1 -1 -1 -1 -1 -1
-1 -1 -1 -1 -1 -1 -1 -1 -1 -1 -1 -1 -1 -1 -1 -1 -1 -1 -1 -1 -1 -1 -1 -1 -1 -1 -1 -1 -1 -1 -1 -1 -1 -1 -1 -1 -1 -1 -1 -1 -1 -1 -1 -1 -1 -1 -1 -1 64 -1 99 -1 -1 -1 -1 -1 -1 -1 -1 -1 -1 -1 -1 -1 -1 -1 -1 -1 -1 -1 -1 -1 -1 -1 -1 -1 -1 -1 -1 -1 -1 -1 -1 -1 -1 -1 -1 -1 -1 -1 -1 -1 -1 -1 -1 -1
-1 -1 -1 -1 -1 -1 -1 -1 -1 -1 -1 -1 -1 -1 -1 -1 -1 -1 -1 -1 -1 -1 -1 -1 -1 -1 -1 -1 -1 -1 -1 -1 -1 -1 -1 -1 -1 -1 -1 -1 -1 -1 -1 -1 -1 -1 -1 13 -1 16 -1 -1 -1 -1 -1 -1 -1 -1 -1 -1 -1 -1 -1 -1 -1 -1 -1 -1 -1 -1 -1 -1 -1 -1 -1 -1 -1 -1 -1 -1 -1 -1 -1 -1 -1 -1 -1 -1 -1 -1 -1 -1 -1 -1 -1 -1
-1 -1 -1 -1 -1 -1 -1 -1 -1 -1 -1 -1 -1 -1 -1 -1 -1 -1 -1 -1 -1 -1 -1 -1 -1 -1 -1 -1 -1 -1 -1 -1 -1 -1 -1 -1 -1 -1 -1 -1 -1 -1 -1 -1 -1 -1 -1 -1 66 -1 36 -1 -1 -1 -1 -1 -1 -1 -1 -1 -1 -1 -1 -1 -1 -1 -1 -1 -1 -1 -1 -1 -1 -1 -1 -1 -1 -1 -1 -1 -1 -1 -1 -1 -1 -1 -1 -1 -1 -1 -1 -1 -1 -1 -1 -1
-1 -1 -1 -1 -1 -1 -1 -1 -1 -1 -1 -1 -1 -1 -1 -1 -1 -1 -1 -1 -1 -1 -1 -1 -1 -1 -1 -1 -1 -1 -1 -1 -1 -1 -1 -1 -1 -1 -1 -1 -1 -1 -1 -1 -1 -1 -1 -1 -1 -1 -1 46 -1 73 -1 -1 -1 -1 -1 -1 -1 -1 -1 -1 -1 -1 -1 -1 -1 -1 -1 -1 -1 -1 -1 -1 -1 -1 -1 -1 -1 -1 -1 -1 -1 -1 -1 -1 -1 -1 -1 -1 -1 -1 -1 -1
-1 -1 -1 -1 -1 -1 -1 -1 -1 -1 -1 -1 -1 -1 -1 -1 -1 -1 -1 -1 -1 -1 -1 -1 -1 -1 -1 -1 -1 -1 -1 -1 -1 -1 -1 -1 -1 -1 -1 -1 -1 -1 -1 -1 -1 -1 -1 -1 -1 -1 -1 -1 85 -1 23 -1 -1 -1 -1 -1 -1 -1 -1 -1 -1 -1 -1 -1 -1 -1 -1 -1 -1 -1 -1 -1 -1 -1 -1 -1 -1 -1 -1 -1 -1 -1 -1 -1 -1 -1 -1 -1 -1 -1 -1 -1
-1 -1 -1 -1 -1 -1 -1 -1 -1 -1 -1 -1 -1 -1 -1 -1 -1 -1 -1 -1 -1 -1 -1 -1 -1 -1 -1 -1 -1 -1 -1 -1 -1 -1 -1 -1 -1 -1 -1 -1 -1 -1 -1 -1 -1 -1 -1 -1 -1 -1 -1 19 -1 53 -1 -1 -1 -1 -1 -1 -1 -1 -1 -1 -1 -1 -1 -1 -1 -1 -1 -1 -1 -1 -1 -1 -1 -1 -1 -1 -1 -1 -1 -1 -1 -1 -1 -1 -1 -1 -1 -1 -1 -1 -1 -1
-1 -1 -1 -1 -1 -1 -1 -1 -1 -1 -1 -1 -1 -1 -1 -1 -1 -1 -1 -1 -1 -1 -1 -1 -1 -1 -1 -1 -1 -1 -1 -1 -1 -1 -1 -1 -1 -1 -1 -1 -1 -1 -1 -1 -1 -1 -1 -1 -1 -1 -1 -1 53 -1 72 -1 -1 -1 -1 -1 -1 -1 -1 -1 -1 -1 -1 -1 -1 -1 -1 -1 -1 -1 -1 -1 -1 -1 -1 -1 -1 -1 -1 -1 -1 -1 -1 -1 -1 -1 -1 -1 -1 -1 -1 -1
-1 -1 -1 -1 -1 -1 -1 -1 -1 -1 -1 -1 -1 -1 -1 -1 -1 -1 -1 -1 -1 -1 -1 -1 -1 -1 -1 -1 -1 -1 -1 -1 -1 -1 -1 -1 -1 -1 -1 -1 -1 -1 -1 -1 -1 -1 -1 -1 -1 -1 -1 -1 -1 -1 -1 21 -1 78 -1 -1 -1 -1 -1 -1 -1 -1 -1 -1 -1 -1 -1 -1 -1 -1 -1 -1 -1 -1 -1 -1 -1 -1 -1 -1 -1 -1 -1 -1 -1 -1 -1 -1 -1 -1 -1 -1
-1 -1 -1 -1 -1 -1 -1 -1 -1 -1 -1 -1 -1 -1 -1 -1 -1 -1 -1 -1 -1 -1 -1 -1 -1 -1 -1 -1 -1 -1 -1 -1 -1 -1 -1 -1 -1 -1 -1 -1 -1 -1 -1 -1 -1 -1 -1 -1 -1 -1 -1 -1 -1 -1 -1 -1 37 -1 74 -1 -1 -1 -1 -1 -1 -1 -1 -1 -1 -1 -1 -1 -1 -1 -1 -1 -1 -1 -1 -1 -1 -1 -1 -1 -1 -1 -1 -1 -1 -1 -1 -1 -1 -1 -1 -1
-1 -1 -1 -1 -1 -1 -1 -1 -1 -1 -1 -1 -1 -1 -1 -1 -1 -1 -1 -1 -1 -1 -1 -1 -1 -1 -1 -1 -1 -1 -1 -1 -1 -1 -1 -1 -1 -1 -1 -1 -1 -1 -1 -1 -1 -1 -1 -1 -1 -1 -1 -1 -1 -1 -1 44 -1 59 -1 -1 -1 -1 -1 -1 -1 -1 -1 -1 -1 -1 -1 -1 -1 -1 -1 -1 -1 -1 -1 -1 -1 -1 -1 -1 -1 -1 -1 -1 -1 -1 -1 -1 -1 -1 -1 -1
-1 -1 -1 -1 -1 -1 -1 -1 -1 -1 -1 -1 -1 -1 -1 -1 -1 -1 -1 -1 -1 -1 -1 -1 -1 -1 -1 -1 -1 -1 -1 -1 -1 -1 -1 -1 -1 -1 -1 -1 -1 -1 -1 -1 -1 -1 -1 -1 -1 -1 -1 -1 -1 -1 -1 -1 87 -1 23 -1 -1 -1 -1 -1 -1 -1 -1 -1 -1 -1 -1 -1 -1 -1 -1 -1 -1 -1 -1 -1 -1 -1 -1 -1 -1 -1 -1 -1 -1 -1 -1 -1 -1 -1 -1 -1
-1 -1 -1 -1 -1 -1 -1 -1 -1 -1 -1 -1 -1 -1 -1 -1 -1 -1 -1 -1 -1 -1 -1 -1 -1 -1 -1 -1 -1 -1 -1 -1 -1 -1 -1 -1 -1 -1 -1 -1 -1 -1 -1 -1 -1 -1 -1 -1 -1 -1 -1 -1 -1 -1 -1 -1 -1 -1 -1 15 -1 15 -1 -1 -1 -1 -1 -1 -1 -1 -1 -1 -1 -1 -1 -1 -1 -1 -1 -1 -1 -1 -1 -1 -1 -1 -1 -1 -1 -1 -1 -1 -1 -1 -1 -1
-1 -1 -1 -1 -1 -1 -1 -1 -1 -1 -1 -1 -1 -1 -1 -1 -1 -1 -1 -1 -1 -1 -1 -1 -1 -1 -1 -1 -1 -1 -1 -1 -1 -1 -1 -1 -1 -1 -1 -1 -1 -1 -1 -1 -1 -1 -1 -1 -1 -1 -1 -1 -1 -1 -1 -1 -1 -1 -1 -1 57 -1 11 -1 -1 -1 -1 -1 -1 -1 -1 -1 -1 -1 -1 -1 -1 -1 -1 -1 -1 -1 -1 -1 -1 -1 -1 -1 -1 -1 -1 -1 -1 -1 -1 -1
-1 -1 -1 -1 -1 -1 -1 -1 -1 -1 -1 -1 -1 -1 -1 -1 -1 -1 -1 -1 -1 -1 -1 -1 -1 -1 -1 -1 -1 -1 -1 -1 -1 -1 -1 -1 -1 -1 -1 -1 -1 -1 -1 -1 -1 -1 -1 -1 -1 -1 -1 -1 -1 -1 -1 -1 -1 -1 -1 97 -1 40 -1 -1 -1 -1 -1 -1 -1 -1 -1 -1 -1 -1 -1 -1 -1 -1 -1 -1 -1 -1 -1 -1 -1 -1 -1 -1 -1 -1 -1 -1 -1 -1 -1 -1
-1 -1 -1 -1 -1 -1 -1 -1 -1 -1 -1 -1 -1 -1 -1 -1 -1 -1 -1 -1 -1 -1 -1 -1 -1 -1 -1 -1 -1 -1 -1 -1 -1 -1 -1 -1 -1 -1 -1 -1 -1 -1 -1 -1 -1 -1 -1 -1 -1 -1 -1 -1 -1 -1 -1 -1 -1 -1 -1 -1 46 -1 85 -1 -1 -1 -1 -1 -1 -1 -1 -1 -1 -1 -1 -1 -1 -1 -1 -1 -1 -1 -1 -1 -1 -1 -1 -1 -1 -1 -1 -1 -1 -1 -1 -1
-1 -1 -1 -1 -1 -1 -1 -1 -1 -1 -1 -1 -1 -1 -1 -1 -1 -1 -1 -1 -1 -1 -1 -1 -1 -1 -1 -1 -1 -1 -1 -1 -1 -1 -1 -1 -1 -1 -1 -1 -1 -1 -1 -1 -1 -1 -1 -1 -1 -1 -1 -1 -1 -1 -1 -1 -1 -1 -1 -1 -1 -1 -1 23 -1 -1 -1 36 -1 -1 -1 -1 -1 -1 -1 -1 -1 -1 -1 -1 -1 -1 -1 -1 -1 -1 -1 -1 -1 -1 -1 -1 -1 -1 -1 -1
-1 -1 -1 -1 -1 -1 -1 -1 -1 -1 -1 -1 -1 -1 -1 -1 -1 -1 -1 -1 -1 -1 -1 -1 -1 -1 -1 -1 -1 -1 -1 -1 -1 -1 -1 -1 -1 -1 -1 -1 -1 -1 -1 -1 -1 -1 -1 -1 -1 -1 -1 -1 -1 -1 -1 -1 -1 -1 -1 -1 -1 -1 -1 -1 28 -1 -1 -1 66 -1 -1 -1 -1 -1 -1 -1 -1 -1 -1 -1 -1 -1 -1 -1 -1 -1 -1 -1 -1 -1 -1 -1 -1 -1 -1 -1
-1 -1 -1 -1 -1 -1 -1 -1 -1 -1 -1 -1 -1 -1 -1 -1 -1 -1 -1 -1 -1 -1 -1 -1 -1 -1 -1 -1 -1 -1 -1 -1 -1 -1 -1 -1 -1 -1 -1 -1 -1 -1 -1 -1 -1 -1 -1 -1 -1 -1 -1 -1 -1 -1 -1 -1 -1 -1 -1 -1 -1 -1 -1 -1 -1 70 -1 -1 -1 29 -1 -1 -1 -1 -1 -1 -1 -1 -1 -1 -1 -1 -1 -1 -1 -1 -1 -1 -1 -1 -1 -1 -1 -1 -1 -1
-1 -1 -1 -1 -1 -1 -1 -1 -1 -1 -1 -1 -1 -1 -1 -1 -1 -1 -1 -1 -1 -1 -1 -1 -1 -1 -1 -1 -1 -1 -1 -1 -1 -1 -1 -1 -1 -1 -1 -1 -1 -1 -1 -1 -1 -1 -1 -1 -1 -1 -1 -1 -1 -1 -1 -1 -1 -1 -1 -1 -1 -1 -1 -1 -1 -1 67 -1 -1 -1 71 -1 -1 -1 -1 -1 -1 -1 -1 -1 -1 -1 -1 -1 -1 -1 -1 -1 -1 -1 -1 -1 -1 -1 -1 -1
-1 -1 -1 -1 -1 -1 -1 -1 -1 -1 -1 -1 -1 -1 -1 -1 -1 -1 -1 -1 -1 -1 -1 -1 -1 -1 -1 -1 -1 -1 -1 -1 -1 -1 -1 -1 -1 -1 -1 -1 -1 -1 -1 -1 -1 -1 -1 -1 -1 -1 -1 -1 -1 -1 -1 -1 -1 -1 -1 -1 -1 -1 -1 66 -1 -1 -1 60 -1 -1 -1 -1 -1 -1 -1 -1 -1 -1 -1 -1 -1 -1 -1 -1 -1 -1 -1 -1 -1 -1 -1 -1 -1 -1 -1 -1
-1 -1 -1 -1 -1 -1 -1 -1 -1 -1 -1 -1 -1 -1 -1 -1 -1 -1 -1 -1 -1 -1 -1 -1 -1 -1 -1 -1 -1 -1 -1 -1 -1 -1 -1 -1 -1 -1 -1 -1 -1 -1 -1 -1 -1 -1 -1 -1 -1 -1 -1 -1 -1 -1 -1 -1 -1 -1 -1 -1 -1 -1 -1 -1 65 -1 -1 -1 21 -1 -1 -1 -1 -1 -1 -1 -1 -1 -1 -1 -1 -1 -1 -1 -1 -1 -1 -1 -1 -1 -1 -1 -1 -1 -1 -1
-1 -1 -1 -1 -1 -1 -1 -1 -1 -1 -1 -1 -1 -1 -1 -1 -1 -1 -1 -1 -1 -1 -1 -1 -1 -1 -1 -1 -1 -1 -1 -1 -1 -1 -1 -1 -1 -1 -1 -1 -1 -1 -1 -1 -1 -1 -1 -1 -1 -1 -1 -1 -1 -1 -1 -1 -1 -1 -1 -1 -1 -1 -1 -1 -1 44 -1 -1 -1 96 -1 -1 -1 -1 -1 -1 -1 -1 -1 -1 -1 -1 -1 -1 -1 -1 -1 -1 -1 -1 -1 -1 -1 -1 -1 -1
-1 -1 -1 -1 -1 -1 -1 -1 -1 -1 -1 -1 -1 -1 -1 -1 -1 -1 -1 -1 -1 -1 -1 -1 -1 -1 -1 -1 -1 -1 -1 -1 -1 -1 -1 -1 -1 -1 -1 -1 -1 -1 -1 -1 -1 -1 -1 -1 -1 -1 -1 -1 -1 -1 -1 -1 -1 -1 -1 -1 -1 -1 -1 -1 -1 -1 16 -1 -1 -1 67 -1 -1 -1 -1 -1 -1 -1 -1 -1 -1 -1 -1 -1 -1 -1 -1 -1 -1 -1 -1 -1 -1 -1 -1 -1
-1 -1 -1 -1 -1 -1 -1 -1 -1 -1 -1 -1 -1 -1 -1 -1 -1 -1 -1 -1 -1 -1 -1 -1 -1 -1 -1 -1 -1 -1 -1 -1 -1 -1 -1 -1 -1 -1 -1 -1 -1 -1 -1 -1 -1 -1 -1 -1 -1 -1 -1 -1 -1 -1 -1 -1 -1 -1 -1 -1 -1 -1 -1 -1 -1 -1 -1 -1 -1 -1 -1 78 -1 -1 -1 52 -1 -1 -1 -1 -1 -1 -1 -1 -1 -1 -1 -1 -1 -1 -1 -1 -1 -1 -1 -1
-1 -1 -1 -1 -1 -1 -1 -1 -1 -1 -1 -1 -1 -1 -1 -1 -1 -1 -1 -1 -1 -1 -1 -1 -1 -1 -1 -1 -1 -1 -1 -1 -1 -1 -1 -1 -1 -1 -1 -1 -1 -1 -1 -1 -1 -1 -1 -1 -1 -1 -1 -1 -1 -1 -1 -1 -1 -1 -1 -1 -1 -1 -1 -1 -1 -1 -1 -1 -1 -1 -1 -1 77 -1 -1 -1 49 -1 -1 -1 -1 -1 -1 -1 -1 -1 -1 -1 -1 -1 -1 -1 -1 -1 -1 -1
-1 -1 -1 -1 -1 -1 -1 -1 -1 -1 -1 -1 -1 -1 -1 -1 -1 -1 -1 -1 -1 -1 -1 -1 -1 -1 -1 -1 -1 -1 -1 -1 -1 -1 -1 -1 -1 -1 -1 -1 -1 -1 -1 -1 -1 -1 -1 -1 -1 -1 -1 -1 -1 -1 -1 -1 -1 -1 -1 -1 -1 -1 -1 -1 -1 -1 -1 -1 -1 -1 -1 -1 -1 10 -1 -1 -1 59 -1 -1 -1 -1 -1 -1 -1 -1 -1 -1 -1 -1 -1 -1 -1 -1 -1 -1
-1 -1 -1 -1 -1 -1 -1 -1 -1 -1 -1 -1 -1 -1 -1 -1 -1 -1 -1 -1 -1 -1 -1 -1 -1 -1 -1 -1 -1 -1 -1 -1 -1 -1 -1 -1 -1 -1 -1 -1 -1 -1 -1 -1 -1 -1 -1 -1 -1 -1 -1 -1 -1 -1 -1 -1 -1 -1 -1 -1 -1 -1 -1 -1 -1 -1 -1 -1 -1 -1 -1 -1 -1 -1 99 -1 -1 -1 40 -1 -1 -1 -1 -1 -1 -1 -1 -1 -1 -1 -1 -1 -1 -1 -1 -1
-1 -1 -1 -1 -1 -1 -1 -1 -1 -1 -1 -1 -1 -1 -1 -1 -1 -1 -1 -1 -1 -1 -1 -1 -1 -1 -1 -1 -1 -1 -1 -1 -1 -1 -1 -1 -1 -1 -1 -1 -1 -1 -1 -1 -1 -1 -1 -1 -1 -1 -1 -1 -1 -1 -1 -1 -1 -1 -1 -1 -1 -1 -1 -1 -1 -1 -1 -1 -1 -1 -1 70 -1 -1 -1 85 -1 -1 -1 -1 -1 -1 -1 -1 -1 -1 -1 -1 -1 -1 -1 -1 -1 -1 -1 -1
-1 -1 -1 -1 -1 -1 -1 -1 -1 -1 -1 -1 -1 -1 -1 -1 -1 -1 -1 -1 -1 -1 -1 -1 -1 -1 -1 -1 -1 -1 -1 -1 -1 -1 -1 -1 -1 -1 -1 -1 -1 -1 -1 -1 -1 -1 -1 -1 -1 -1 -1 -1 -1 -1 -1 -1 -1 -1 -1 -1 -1 -1 -1 -1 -1 -1 -1 -1 -1 -1 -1 -1 94 -1 -1 -1 100 -1 -1 -1 -1 -1 -1 -1 -1 -1 -1 -1 -1 -1 -1 -1 -1 -1 -1 -1
-1 -1 -1 -1 -1 -1 -1 -1 -1 -1 -1 -1 -1 -1 -1 -1 -1 -1 -1 -1 -1 -1 -1 -1 -1 -1 -1 -1 -1 -1 -1 -1 -1 -1 -1 -1 -1 -1 -1 -1 -1 -1 -1 -1 -1 -1 -1 -1 -1 -1 -1 -1 -1 -1 -1 -1 -1 -1 -1 -1 -1 -1 -1 -1 -1 -1 -1 -1 -1 -1 -1 -1 -1 86 -1 -1 -1 85 -1 -1 -1 -1 -1 -1 -1 -1 -1 -1 -1 -1 -1 -1 -1 -1 -1 -1
-1 -1 -1 -1 -1 -1 -1 -1 -1 -1 -1 -1 -1 -1 -1 -1 -1 -1 -1 -1 -1 -1 -1 -1 -1 -1 -1 -1 -1 -1 -1 -1 -1 -1 -1 -1 -1 -1 -1 -1 -1 -1 -1 -1 -1 -1 -1 -1 -1 -1 -1 -1 -1 -1 -1 -1 -1 -1 -1 -1 -1 -1 -1 -1 -1 -1 -1 -1 -1 -1 -1 -1 -1 -1 16 -1 -1 -1 98 -1 -1 -1 -1 -1 -1 -1 -1 -1 -1 -1 -1 -1 -1 -1 -1 -1
-1 -1 -1 -1 -1 -1 -1 -1 -1 -1 -1 -1 -1 -1 -1 -1 -1 -1 -1 -1 -1 -1 -1 -1 -1 -1 -1 -1 -1 -1 -1 -1 -1 -1 -1 -1 -1 -1 -1 -1 -1 -1 -1 -1 -1 -1 -1 -1 -1 -1 -1 -1 -1 -1 -1 -1 -1 -1 -1 -1 -1 -1 -1 -1 -1 -1 -1 -1 -1 -1 -1 -1 -1 -1 -1 -1 -1 -1 -1 40 -1 -1 -1 -1 -1 -1 -1 98 -1 -1 -1 -1 -1 -1 -1 -1
-1 -1 -1 -1 -1 -1 -1 -1 -1 -1 -1 -1 -1 -1 -1 -1 -1 -1 -1 -1 -1 -1 -1 -1 -1 -1 -1 -1 -1 -1 -1 -1 -1 -1 -1 -1 -1 -1 -1 -1 -1 -1 -1 -1 -1 -1 -1 -1 -1 -1 -1 -1 -1 -1 -1 -1 -1 -1 -1 -1 -1 -1 -1 -1 -1 -1 -1 -1 -1 -1 -1 -1 -1 -1 -1 -1 -1 -1 -1 -1 12 -1 -1 -1 -1 -1 -1 -1 34 -1 -1 -1 -1 -1 -1 -1
-1 -1 -1 -1 -1 -1 -1 -1 -1 -1 -1 -1 -1 -1 -1 -1 -1 -1 -1 -1 -1 -1 -1 -1 -1 -1 -1 -1 -1 -1 -1 -1 -1 -1 -1 -1 -1 -1 -1 -1 -1 -1 -1 -1 -1 -1 -1 -1 -1 -1 -1 -1 -1 -1 -1 -1 -1 -1 -1 -1 -1 -1 -1 -1 -1 -1 -1 -1 -1 -1 -1 -1 -1 -1 -1 -1 -1 -1 -1 -1 -1 32 -1 -1 -1 -1 -1 -1 -1 75 -1 -1 -1 -1 -1 -1
-1 -1 -1 -1 -1 -1 -1 -1 -1 -1 -1 -1 -1 -1 -1 -1 -1 -1 -1 -1 -1 -1 -1 -1 -1 -1 -1 -1 -1 -1 -1 -1 -1 -1 -1 -1 -1 -1 -1 -1 -1 -1 -1 -1 -1 -1 -1 -1 -1 -1 -1 -1 -1 -1 -1 -1 -1 -1 -1 -1 -1 -1 -1 -1 -1 -1 -1 -1 -1 -1 -1 -1 -1 -1 -1 -1 -1 -1 -1 -1 -1 -1 56 -1 -1 -1 -1 -1 -1 -1 87 -1 -1 -1 -1 -1
-1 -1 -1 -1 -1 -1 -1 -1 -1 -1 -1 -1 -1 -1 -1 -1 -1 -1 -1 -1 -1 -1 -1 -1 -1 -1 -1 -1 -1 -1 -1 -1 -1 -1 -1 -1 -1 -1 -1 -1 -1 -1 -1 -1 -1 -1 -1 -1 -1 -1 -1 -1 -1 -1 -1 -1 -1 -1 -1 -1 -1 -1 -1 -1 -1 -1 -1 -1 -1 -1 -1 -1 -1 -1 -1 -1 -1 -1 -1 -1 -1 -1 -1 94 -1 -1 -1 -1 -1 -1 -1 86 -1 -1 -1 -1
-1 -1 -1 -1 -1 -1 -1 -1 -1 -1 -1 -1 -1 -1 -1 -1 -1 -1 -1 -1 -1 -1 -1 -1 -1 -1 -1 -1 -1 -1 -1 -1 -1 -1 -1 -1 -1 -1 -1 -1 -1 -1 -1 -1 -1 -1 -1 -1 -1 -1 -1 -1 -1 -1 -1 -1 -1 -1 -1 -1 -1 -1 -1 -1 -1 -1 -1 -1 -1 -1 -1 -1 -1 -1 -1 -1 -1 -1 -1 -1 -1 -1 -1 -1 80 -1 -1 -1 -1 -1 -1 -1 56 -1 -1 -1
-1 -1 -1 -1 -1 -1 -1 -1 -1 -1 -1 -1 -1 -1 -1 -1 -1 -1 -1 -1 -1 -1 -1 -1 -1 -1 -1 -1 -1 -1 -1 -1 -1 -1 -1 -1 -1 -1 -1 -1 -1 -1 -1 -1 -1 -1 -1 -1 -1 -1 -1 -1 -1 -1 -1 -1 -1 -1 -1 -1 -1 -1 -1 -1 -1 -1 -1 -1 -1 -1 -1 -1 -1 -1 -1 -1 -1 -1 -1 -1 -1 -1 -1 -1 -1 66 -1 -1 -1 -1 -1 -1 -1 82 -1 -1
-1 -1 -1 -1 -1 -1 -1 -1 -1 -1 -1 -1 -1 -1 -1 -1 -1 -1 -1 -1 -1 -1 -1 -1 -1 -1 -1 -1 -1 -1 -1 -1 -1 -1 -1 -1 -1 -1 -1 -1 -1 -1 -1 -1 -1 -1 -1 -1 -1 -1 -1 -1 -1 -1 -1 -1 -1 -1 -1 -1 -1 -1 -1 -1 -1 -1 -1 -1 -1 -1 -1 -1 -1 -1 -1 -1 -1 -1 -1 -1 -1 -1 -1 -1 -1 -1 83 -1 -1 -1 -1 -1 -1 -1 21 -1
-1 -1 -1 -1 -1 -1 -1 -1 -1 -1 -1 -1 -1 -1 -1 -1 -1 -1 -1 -1 -1 -1 -1 -1 -1 -1 -1 -1 -1 -1 -1 -1 -1 -1 -1 -1 -1 -1 -1 -1 -1 -1 -1 -1 -1 -1 -1 -1 -1 -1 -1 -1 -1 -1 -1 -1 -1 -1 -1 -1 -1 -1 -1 -1 -1 -1 -1 -1 -1 -1 -1 -1 -1 -1 -1 -1 -1 -1 -1 74 -1 -1 -1 -1 -1 -1 -1 83 -1 -1 -1 -1 -1 -1 -1 -1
-1 -1 -1 -1 -1 -1 -1 -1 -1 -1 -1 -1 -1 -1 -1 -1 -1 -1 -1 -1 -1 -1 -1 -1 -1 -1 -1 -1 -1 -1 -1 -1 -1 -1 -1 -1 -1 -1 -1 -1 -1 -1 -1 -1 -1 -1 -1 -1 -1 -1 -1 -1 -1 -1 -1 -1 -1 -1 -1 -1 -1 -1 -1 -1 -1 -1 -1 -1 -1 -1 -1 -1 -1 -1 -1 -1 -1 -1 -1 -1 81 -1 -1 -1 -1 -1 -1 -1 45 -1 -1 -1 -1 -1 -1 -1
-1 -1 -1 -1 -1 -1 -1 -1 -1 -1 -1 -1 -1 -1 -1 -1 -1 -1 -1 -1 -1 -1 -1 -1 -1 -1 -1 -1 -1 -1 -1 -1 -1 -1 -1 -1 -1 -1 -1 -1 -1 -1 -1 -1 -1 -1 -1 -1 -1 -1 -1 -1 -1 -1 -1 -1 -1 -1 -1 -1 -1 -1 -1 -1 -1 -1 -1 -1 -1 -1 -1 -1 -1 -1 -1 -1 -1 -1 -1 -1 -1 53 -1 -1 -1 -1 -1 -1 -1 95 -1 -1 -1 -1 -1 -1
-1 -1 -1 -1 -1 -1 -1 -1 -1 -1 -1 -1 -1 -1 -1 -1 -1 -1 -1 -1 -1 -1 -1 -1 -1 -1 -1 -1 -1 -1 -1 -1 -1 -1 -1 -1 -1 -1 -1 -1 -1 -1 -1 -1 -1 -1 -1 -1 -1 -1 -1 -1 -1 -1 -1 -1 -1 -1 -1 -1 -1 -1 -1 -1 -1 -1 -1 -1 -1 -1 -1 -1 -1 -1 -1 -1 -1 -1 -1 -1 -1 -1 15 -1 -1 -1 -1 -1 -1 -1 66 -1 -1 -1 -1 -1
-1 -1 -1 -1 -1 -1 -1 -1 -1 -1 -1 -1 -1 -1 -1 -1 -1 -1 -1 -1 -1 -1 -1 -1 -1 -1 -1 -1 -1 -1 -1 -1 -1 -1 -1 -1 -1 -1 -1 -1 -1 -1 -1 -1 -1 -1 -1 -1 -1 -1 -1 -1 -1 -1 -1 -1 -1 -1 -1 -1 -1 -1 -1 -1 -1 -1 -1 -1 -1 -1 -1 -1 -1 -1 -1 -1 -1 -1 -1 -1 -1 -1 -1 55 -1 -1 -1 -1 -1 -1 -1 90 -1 -1 -1 -1
-1 -1 -1 -1 -1 -1 -1 -1 -1 -1 -1 -1 -1 -1 -1 -1 -1 -1 -1 -1 -1 -1 -1 -1 -1 -1 -1 -1 -1 -1 -1 -1 -1 -1 -1 -1 -1 -1 -1 -1 -1 -1 -1 -1 -1 -1 -1 -1 -1 -1 -1 -1 -1 -1 -1 -1 -1 -1 -1 -1 -1 -1 -1 -1 -1 -1 -1 -1 -1 -1 -1 -1 -1 -1 -1 -1 -1 -1 -1 -1 -1 -1 -1 -1 82 -1 -1 -1 -1 -1 -1 -1 80 -1 -1 -1
-1 -1 -1 -1 -1 -1 -1 -1 -1 -1 -1 -1 -1 -1 -1 -1 -1 -1 -1 -1 -1 -1 -1 -1 -1 -1 -1 -1 -1 -1 -1 -1 -1 -1 -1 -1 -1 -1 -1 -1 -1 -1 -1 -1 -1 -1 -1 -1 -1 -1 -1 -1 -1 -1 -1 -1 -1 -1 -1 -1 -1 -1 -1 -1 -1 -1 -1 -1 -1 -1 -1 -1 -1 -1 -1 -1 -1 -1 -1 -1 -1 -1 -1 -1 -1 17 -1 -1 -1 -1 -1 -1 -1 50 -1 -1
-1 -1 -1 -1 -1 -1 -1 -1 -1 -1 -1 -1 -1 -1 -1 -1 -1 -1 -1 -1 -1 -1 -1 -1 -1 -1 -1 -1 -1 -1 -1 -1 -1 -1 -1 -1 -1 -1 -1 -1 -1 -1 -1 -1 -1 -1 -1 -1 -1 -1 -1 -1 -1 -1 -1 -1 -1 -1 -1 -1 -1 -1 -1 -1 -1 -1 -1 -1 -1 -1 -1 -1 -1 -1 -1 -1 -1 -1 -1 -1 -1 -1 -1 -1 -1 -1 94 -1 -1 -1 -1 -1 -1 -1 42 -1
-1 -1 -1 -1 -1 -1 -1 -1 -1 -1 -1 -1 -1 -1 -1 -1 -1 -1 -1 -1 -1 -1 -1 -1 -1 -1 -1 -1 -1 -1 -1 -1 -1 -1 -1 -1 -1 -1 -1 -1 -1 -1 -1 -1 -1 -1 -1 -1 -1 -1 -1 -1 -1 -1 -1 -1 -1 -1 -1 -1 -1 -1 -1 -1 -1 -1 -1 -1 -1 -1 -1 -1 -1 -1 -1 -1 -1 -1 -1 -1 -1 -1 -1 -1 -1 -1 -1 -1 -1 -1 -1 -1 -1 -1 -1 0
-1 -1 -1 -1 -1 -1 -1 -1 -1 -1 -1 -1 -1 -1 -1 -1 -1 -1 -1 -1 -1 -1 -1 -1 -1 -1 -1 -1 -1 -1 -1 -1 -1 -1 -1 -1 -1 -1 -1 -1 -1 -1 -1 -1 -1 -1 -1 -1 -1 -1 -1 -1 -1 -1 -1 -1 -1 -1 -1 -1 -1 -1 -1 -1 -1 -1 -1 -1 -1 -1 -1 -1 -1 -1 -1 -1 -1 -1 -1 -1 -1 -1 -1 -1 -1 -1 -1 -1 -1 -1 -1 -1 -1 -1 -1 0
-1 -1 -1 -1 -1 -1 -1 -1 -1 -1 -1 -1 -1 -1 -1 -1 -1 -1 -1 -1 -1 -1 -1 -1 -1 -1 -1 -1 -1 -1 -1 -1 -1 -1 -1 -1 -1 -1 -1 -1 -1 -1 -1 -1 -1 -1 -1 -1 -1 -1 -1 -1 -1 -1 -1 -1 -1 -1 -1 -1 -1 -1 -1 -1 -1 -1 -1 -1 -1 -1 -1 -1 -1 -1 -1 -1 -1 -1 -1 -1 -1 -1 -1 -1 -1 -1 -1 -1 -1 -1 -1 -1 -1 -1 -1 0
-1 -1 -1 -1 -1 -1 -1 -1 -1 -1 -1 -1 -1 -1 -1 -1 -1 -1 -1 -1 -1 -1 -1 -1 -1 -1 -1 -1 -1 -1 -1 -1 -1 -1 -1 -1 -1 -1 -1 -1 -1 -1 -1 -1 -1 -1 -1 -1 -1 -1 -1 -1 -1 -1 -1 -1 -1 -1 -1 -1 -1 -1 -1 -1 -1 -1 -1 -1 -1 -1 -1 -1 -1 -1 -1 -1 -1 -1 -1 -1 -1 -1 -1 -1 -1 -1 -1 -1 -1 -1 -1 -1 -1 -1 -1 0
-1 -1 -1 -1 -1 -1 -1 -1 -1 -1 -1 -1 -1 -1 -1 -1 -1 -1 -1 -1 -1 -1 -1 -1 -1 -1 -1 -1 -1 -1 -1 -1 -1 -1 -1 -1 -1 -1 -1 -1 -1 -1 -1 -1 -1 -1 -1 -1 -1 -1 -1 -1 -1 -1 -1 -1 -1 -1 -1 -1 -1 -1 -1 -1 -1 -1 -1 -1 -1 -1 -1 -1 -1 -1 -1 -1 -1 -1 -1 -1 -1 -1 -1 -1 -1 -1 -1 -1 -1 -1 -1 -1 -1 -1 -1 0
-1 -1 -1 -1 -1 -1 -1 -1 -1 -1 -1 -1 -1 -1 -1 -1 -1 -1 -1 -1 -1 -1 -1 -1 -1 -1 -1 -1 -1 -1 -1 -1 -1 -1 -1 -1 -1 -1 -1 -1 -1 -1 -1 -1 -1 -1 -1 -1 -1 -1 -1 -1 -1 -1 -1 -1 -1 -1 -1 -1 -1 -1 -1 -1 -1 -1 -1 -1 -1 -1 -1 -1 -1 -1 -1 -1 -1 -1 -1 -1 -1 -1 -1 -1 -1 -1 -1 -1 -1 -1 -1 -1 -1 -1 -1 0
-1 -1 -1 -1 -1 -1 -1 -1 -1 -1 -1 -1 -1 -1 -1 -1 -1 -1 -1 -1 -1 -1 -1 -1 -1 -1 -1 -1 -1 -1 -1 -1 -1 -1 -1 -1 -1 -1 -1 -1 -1 -1 -1 -1 -1 -1 -1 -1 -1 -1 -1 -1 -1 -1 -1 -1 -1 -1 -1 -1 -1 -1 -1 -1 -1 -1 -1 -1 -1 -1 -1 -1 -1 -1 -1 -1 -1 -1 -1 -1 -1 -1 -1 -1 -1 -1 -1 -1 -1 -1 -1 -1 -1 -1 -1 0
-1 -1 -1 -1 -1 -1 -1 -1 -1 -1 -1 -1 -1 -1 -1 -1 -1 -1 -1 -1 -1 -1 -1 -1 -1 -1 -1 -1 -1 -1 -1 -1 -1 -1 -1 -1 -1 -1 -1 -1 -1 -1 -1 -1 -1 -1 -1 -1 -1 -1 -1 -1 -1 -1 -1 -1 -1 -1 -1 -1 -1 -1 -1 -1 -1 -1 -1 -1 -1 -1 -1 -1 -1 -1 -1 -1 -1 -1 -1 -1 -1 -1 -1 -1 -1 -1 -1 -1 -1 -1 -1 -1 -1 -1 -1 0
-1 -1 -1 -1 -1 -1 -1 -1 -1 -1 -1 -1 -1 -1 -1 -1 -1 -1 -1 -1 -1 -1 -1 -1 -1 -1 -1 -1 -1 -1 -1 -1 -1 -1 -1 -1 -1 -1 -1 -1 -1 -1 -1 -1 -1 -1 -1 -1 -1 -1 -1 -1 -1 -1 -1 -1 -1 -1 -1 -1 -1 -1 -1 -1 -1 -1 -1 -1 -1 -1 -1 -1 -1 -1 -1 -1 -1 -1 -1 -1 -1 -1 -1 -1 -1 -1 -1 -1 -1 -1 -1 -1 -1 -1 -1 0
-1 -1 -1 -1 -1 -1 -1 -1 -1 -1 -1 -1 -1 -1 -1 -1 -1 -1 -1 -1 -1 -1 -1 -1 -1 -1 -1 -1 -1 -1 -1 -1 -1 -1 -1 -1 -1 -1 -1 -1 -1 -1 -1 -1 -1 -1 -1 -1 -1 -1 -1 -1 -1 -1 -1 -1 -1 -1 -1 -1 -1 -1 -1 -1 -1 -1 -1 -1 -1 -1 -1 -1 -1 -1 -1 -1 -1 -1 -1 -1 -1 -1 -1 -1 -1 -1 -1 -1 -1 -1 -1 -1 -1 -1 -1 0
-1 -1 -1 -1 -1 -1 -1 -1 -1 -1 -1 -1 -1 -1 -1 -1 -1 -1 -1 -1 -1 -1 -1 -1 -1 -1 -1 -1 -1 -1 -1 -1 -1 -1 -1 -1 -1 -1 -1 -1 -1 -1 -1 -1 -1 -1 -1 -1 -1 -1 -1 -1 -1 -1 -1 -1 -1 -1 -1 -1 -1 -1 -1 -1 -1 -1 -1 -1 -1 -1 -1 -1 -1 -1 -1 -1 -1 -1 -1 -1 -1 -1 -1 -1 -1 -1 -1 -1 -1 -1 -1 -1 -1 -1 -1 0
-1 -1 -1 -1 -1 -1 -1 -1 -1 -1 -1 -1 -1 -1 -1 -1 -1 -1 -1 -1 -1 -1 -1 -1 -1 -1 -1 -1 -1 -1 -1 -1 -1 -1 -1 -1 -1 -1 -1 -1 -1 -1 -1 -1 -1 -1 -1 -1 -1 -1 -1 -1 -1 -1 -1 -1 -1 -1 -1 -1 -1 -1 -1 -1 -1 -1 -1 -1 -1 -1 -1 -1 -1 -1 -1 -1 -1 -1 -1 -1 -1 -1 -1 -1 -1 -1 -1 -1 -1 -1 -1 -1 -1 -1 -1 0
-1 -1 -1 -1 -1 -1 -1 -1 -1 -1 -1 -1 -1 -1 -1 -1 -1 -1 -1 -1 -1 -1 -1 -1 -1 -1 -1 -1 -1 -1 -1 -1 -1 -1 -1 -1 -1 -1 -1 -1 -1 -1 -1 -1 -1 -1 -1 -1 -1 -1 -1 -1 -1 -1 -1 -1 -1 -1 -1 -1 -1 -1 -1 -1 -1 -1 -1 -1 -1 -1 -1 -1 -1 -1 -1 -1 -1 -1 -1 -1 -1 -1 -1 -1 -1 -1 -1 -1 -1 -1 -1 -1 -1 -1 -1 0
-1 -1 -1 -1 -1 -1 -1 -1 -1 -1 -1 -1 -1 -1 -1 -1 -1 -1 -1 -1 -1 -1 -1 -1 -1 -1 -1 -1 -1 -1 -1 -1 -1 -1 -1 -1 -1 -1 -1 -1 -1 -1 -1 -1 -1 -1 -1 -1 -1 -1 -1 -1 -1 -1 -1 -1 -1 -1 -1 -1 -1 -1 -1 -1 -1 -1 -1 -1 -1 -1 -1 -1 -1 -1 -1 -1 -1 -1 -1 -1 -1 -1 -1 -1 -1 -1 -1 -1 -1 -1 -1 -1 -1 -1 -1 0
-1 -1 -1 -1 -1 -1 -1 -1 -1 -1 -1 -1 -1 -1 -1 -1 -1 -1 -1 -1 -1 -1 -1 -1 -1 -1 -1 -1 -1 -1 -1 -1 -1 -1 -1 -1 -1 -1 -1 -1 -1 -1 -1 -1 -1 -1 -1 -1 -1 -1 -1 -1 -1 -1 -1 -1 -1 -1 -1 -1 -1 -1 -1 -1 -1 -1 -1 -1 -1 -1 -1 -1 -1 -1 -1 -1 -1 -1 -1 -1 -1 -1 -1 -1 -1 -1 -1 -1 -1 -1 -1 -1 -1 -1 -1 0
-1 -1 -1 -1 -1 -1 -1 -1 -1 -1 -1 -1 -1 -1 -1 -1 -1 -1 -1 -1 -1 -1 -1 -1 -1 -1 -1 -1 -1 -1 -1 -1 -1 -1 -1 -1 -1 -1 -1 -1 -1 -1 -1 -1 -1 -1 -1 -1 -1 -1 -1 -1 -1 -1 -1 -1 -1 -1 -1 -1 -1 -1 -1 -1 -1 -1 -1 -1 -1 -1 -1 -1 -1 -1 -1 -1 -1 -1 -1 -1 -1 -1 -1 -1 -1 -1 -1 -1 -1 -1 -1 -1 -1 -1 -1 0
-1 -1 -1 -1 -1 -1 -1 -1 -1 -1 -1 -1 -1 -1 -1 -1 -1 -1 -1 -1 -1 -1 -1 -1 -1 -1 -1 -1 -1 -1 -1 -1 -1 -1 -1 -1 -1 -1 -1 -1 -1 -1 -1 -1 -1 -1 -1 -1 -1 -1 -1 -1 -1 -1 -1 -1 -1 -1 -1 -1 -1 -1 -1 -1 -1 -1 -1 -1 -1 -1 -1 -1 -1 -1 -1 -1 -1 -1 -1 -1 -1 -1 -1 -1 -1 -1 -1 -1 -1 -1 -1 -1 -1 -1 -1 -1
