35 32
0.07 0.06 0.04 0.06 0.07 0.04 0.07 0.06 0.06 0.05 0.07 0.06 0.03 0.03 0.06 0.06 0.03 0.05 0.06 0.06 0.04 0.06 0.06 0.04 0.04 0.03 0.05 0.05 0.06 0.03 0.06 0.06
1.05 1.15 1.07 1.02 1.1 0.9 0.91 1.03 1.09 0.84 0.99 0.88 0.89 1.14 0.85 1.08 1.05 0.96 1.13 1.15 1.0 0.99 1.01 1.16 0.98 1.07 1.17 1.0 1.03 0.81 1.1 0.84
2.65 2.8 2.72 2.56 2.99 2.51 2.51 2.71 2.61 2.63 2.83 2.69 2.52 2.93 2.87 2.9 2.66 2.95 2.82 2.52 2.98 2.62 2.67 2.91 2.88 2.91 2.97 2.92 2.92 2.59 3.0 2.91
0.04 0.3 0.99 0.3 0.51 0.51 0.56 0.63 0.2 0.57 0.76 1.0 0.84 0.49 0.92 0.74 0.04 0.59 0.85 0.5 0.17 0.13 0.07 0.09 0.94 0.49 0.81 0.69 0.27 0.89 0.87 0.52
1.0 1.0 1.0 1.0 1.0 1.0 1.0 1.0 1.0 1.0 1.0 1.0 1.0 1.0 1.0 1.0 1.0 1.0 1.0 1.0 1.0 1.0 1.0 1.0 1.0 1.0 1.0 1.0 1.0 1.0 1.0 1.0
76 87 74 17 24 55 69 90 68 55 89 15 37 24 58 33 85 35 94 21 26 19 12 96 72 29 27 49 55 41 82 40
64 53 37 57 20 74 83 33 43 29 91 19 47 87 66 14 13 44 68 11 51 52 33 68 53 74 87 80 39 83 17 66
38 28 23 93 47 32 63 72 55 23 32 44 91 82 15 81 94 28 97 50 29 82 34 31 25 78 57 91 16 83 71 81
69 70 94 20 61 44 87 65 89 19 59 88 72 25 45 75 42 91 40 23 50 95 11 48 67 63 46 13 32 43 99 46
62 45 21 42 33 36 62 95 46 72 46 79 36 97 13 95 63 24 64 73 45 14 28 49 41 12 74 78 60 72 23 37
41 28 50 58 21 67 80 78 82 38 65 53 39 25 32 99 60 78 52 33 25 11 44 24 54 83 52 43 63 68 15 42
36 76 26 62 56 57 34 42 17 57 31 71 34 72 89 92 58 74 18 57 12 32 41 44 77 40 83 21 56 12 51 30
34 64 34 23 22 70 48 42 25 81 56 90 53 40 47 79 98 16 46 55 47 70 90 84 40 45 74 70 84 88 67 16
75 21 34 20 44 33 11 77 58 13 18 64 90 45 18 68 66 26 56 33 63 91 90 83 72 80 22 29 41 12 73 76
30 88 57 14 92 16 40 65 69 54 55 79 45 70 95 48 24 36 72 61 10 65 66 34 66 72 27 39 62 37 78 27
66 48 24 29 75 39 52 99 36 31 47 34 24 61 89 16 80 83 63 22 80 64 85 19 33 91 54 46 42 94 93 67
95 10 71 42 21 80 89 80 98 15 31 98 84 66 54 87 84 77 73 24 25 51 30 23 58 88 13 98 83 63 48 46
72 90 79 13 34 29 54 12 42 72 97 43 87 19 10 60 77 70 93 85 28 37 34 96 13 76 21 38 65 21 51 45
58 36 67 73 71 81 23 30 63 22 57 50 90 24 31 83 53 29 59 77 24 13 76 62 90 16 44 60 14 35 32 22
42 36 52 12 47 85 10 85 17 82 84 45 64 92 99 70 51 62 61 36 65 68 65 48 83 92 93 69 84 14 30 25
70 21 15 26 15 29 65 50 18 81 50 87 78 51 32 87 28 46 81 66 49 66 75 31 42 71 65 46 17 36 66 41
11 25 89 51 91 61 24 15 49 32 59 66 11 29 49 41 72 42 60 90 63 56 31 55 91 75 97 16 28 74 41 94
15 45 95 76 87 80 76 76 96 26 38 89 31 96 88 55 88 98 26 12 97 74 65 81 95 59 93 44 82 12 30 77
59 54 90 13 62 24 77 79 85 64 78 64 53 99 17 71 46 97 17 76 51 32 60 25 43 86 82 16 79 29 73 14
64 41 13 98 68 33 87 36 31 16 15 91 60 42 92 22 31 38 73 77 90 88 88 69 59 70 20 54 36 57 28 32
50 20 32 60 28 65 29 60 95 49 32 70 20 47 72 76 33 29 74 60 88 75 69 29 76 24 74 77 15 92 91 73
19 94 92 94 43 23 85 96 31 65 28 95 69 41 83 55 20 85 20 51 17 86 72 70 91 33 28 38 29 13 98 16
79 26 66 15 53 33 69 90 38 73 53 15 83 47 11 29 73 64 87 86 84 70 81 50 90 63 98 35 74 99 59 62
14 43 96 27 53 51 24 31 62 69 76 17 46 50 31 42 81 37 30 31 66 83 58 73 39 40 26 96 78 13 71 33
81 21 59 84 47 78 44 13 30 47 72 53 94 91 30 99 60 70 23 67 83 72 36 77 16 36 99 36 23 24 99 61
38 91 24 53 58 90 41 80 20 58 77 75 21 15 74 70 36 67 20 15 63 64 44 73 51 33 44 72 66 46 99 94
34 13 51 99 52 72 44 71 50 49 49 44 11 90 95 59 73 54 77 20 48 13 70 31 55 71 95 85 81 18 22 33
95 36 42 81 83 92 15 90 77 12 27 24 75 48 66 59 76 85 95 23 15 70 49 58 69 21 65 18 84 65 29 14
29 99 72 65 91 72 15 44 73 52 72 13 51 23 67 69 57 96 53 12 70 45 87 42 27 24 51 80 74 59 65 24
41 30 37 88 73 95 69 29 38 38 10 21 35 63 95 30 46 99 46 48 20 79 13 24 62 35 72 65 35 52 31 29
77 20 79 74 90 75 81 70 58 59 29 29 21 81 96 24 70 82 41 10 38 80 76 70 57 90 76 34 21 34 89 25
17 94 24 16 21 84 13 54 77 24 11 37 87 69 61 76 22 82 57 42 69 92 41 58 80 60 66 14 21 21 79 54
12 53 69 94 95 77 80 56 77 20 39 89 92 82 76 51 16 98 76 87 67 16 54 13 94 34 30 46 78 65 16 36
84 27 43 24 75 83 49 47 51 85 59 48 84 18 72 88 61 97 61 69 66 75 33 10 86 16 73 69 61 15 69 69
72 42 95 37 19 89 91 49 26 20 64 87 16 15 45 39 71 83 19 77 78 60 94 27 81 68 21 35 62 13 20 73
-1 58 23 40 75 20 38 16 -1 -1 -1 -1 -1 -1 -1 -1 -1 -1 -1 -1 -1 -1 -1 -1 -1 -1 -1 -1 -1 -1 -1 -1 -1 -1 -1
-1 -1 -1 -1 -1 -1 -1 -1 55 -1 -1 -1 -1 -1 -1 -1 -1 -1 -1 -1 -1 -1 -1 -1 -1 -1 -1 -1 -1 -1 -1 -1 -1 -1 -1
-1 -1 -1 -1 -1 -1 -1 -1 -1 76 -1 -1 -1 -1 -1 -1 -1 -1 -1 -1 -1 -1 -1 -1 -1 -1 -1 -1 -1 -1 -1 -1 -1 -1 -1
-1 -1 -1 -1 -1 -1 -1 -1 -1 -1 95 -1 -1 -1 -1 -1 -1 -1 -1 -1 -1 -1 -1 -1 -1 -1 -1 -1 -1 -1 -1 -1 -1 -1 -1
-1 -1 -1 -1 -1 -1 -1 -1 -1 -1 -1 80 -1 -1 -1 -1 -1 -1 -1 -1 -1 -1 -1 -1 -1 -1 -1 -1 -1 -1 -1 -1 -1 -1 -1
-1 -1 -1 -1 -1 -1 -1 -1 -1 -1 -1 -1 19 -1 -1 -1 -1 -1 -1 -1 -1 -1 -1 -1 -1 -1 -1 -1 -1 -1 -1 -1 -1 -1 -1
-1 -1 -1 -1 -1 -1 -1 -1 -1 -1 -1 -1 -1 88 -1 -1 -1 -1 -1 -1 -1 -1 -1 -1 -1 -1 -1 -1 -1 -1 -1 -1 -1 -1 -1
-1 -1 -1 -1 -1 -1 -1 -1 -1 -1 -1 -1 -1 -1 84 -1 -1 -1 -1 -1 -1 -1 -1 -1 -1 -1 -1 -1 -1 -1 -1 -1 -1 -1 -1
-1 -1 -1 -1 -1 -1 -1 -1 -1 78 64 53 18 96 84 -1 -1 -1 -1 -1 -1 -1 -1 -1 -1 -1 -1 -1 -1 -1 -1 -1 -1 -1 -1
-1 -1 -1 -1 -1 -1 -1 -1 -1 -1 -1 -1 -1 -1 -1 98 -1 -1 -1 -1 -1 -1 -1 -1 -1 -1 -1 -1 -1 -1 -1 -1 -1 -1 -1
-1 -1 -1 -1 -1 -1 -1 -1 -1 -1 -1 -1 -1 -1 -1 -1 85 -1 -1 -1 -1 -1 -1 -1 -1 -1 -1 -1 -1 -1 -1 -1 -1 -1 -1
-1 -1 -1 -1 -1 -1 -1 -1 -1 -1 -1 -1 -1 -1 -1 -1 -1 22 -1 -1 -1 -1 -1 -1 -1 -1 -1 -1 -1 -1 -1 -1 -1 -1 -1
-1 -1 -1 -1 -1 -1 -1 -1 -1 -1 -1 -1 -1 -1 -1 -1 -1 -1 36 -1 -1 -1 -1 -1 -1 -1 -1 -1 -1 -1 -1 -1 -1 -1 -1
-1 -1 -1 -1 -1 -1 -1 -1 -1 -1 -1 -1 -1 -1 -1 -1 -1 -1 -1 79 -1 -1 -1 -1 -1 -1 -1 -1 -1 -1 -1 -1 -1 -1 -1
-1 -1 -1 -1 -1 -1 -1 -1 -1 -1 -1 -1 -1 -1 -1 -1 -1 -1 -1 -1 61 -1 -1 -1 -1 -1 -1 -1 -1 -1 -1 -1 -1 -1 -1
-1 -1 -1 -1 -1 -1 -1 -1 -1 -1 -1 -1 -1 -1 -1 -1 25 72 94 67 100 -1 -1 -1 -1 -1 -1 -1 -1 -1 -1 -1 -1 -1 -1
-1 -1 -1 -1 -1 -1 -1 -1 -1 -1 -1 -1 -1 -1 -1 -1 -1 -1 -1 -1 -1 47 -1 -1 -1 -1 -1 -1 -1 -1 -1 -1 -1 -1 -1
-1 -1 -1 -1 -1 -1 -1 -1 -1 -1 -1 -1 -1 -1 -1 -1 -1 -1 -1 -1 -1 -1 31 -1 -1 -1 -1 -1 -1 -1 -1 -1 -1 -1 -1
-1 -1 -1 -1 -1 -1 -1 -1 -1 -1 -1 -1 -1 -1 -1 -1 -1 -1 -1 -1 -1 -1 -1 76 -1 -1 -1 -1 -1 -1 -1 -1 -1 -1 -1
-1 -1 -1 -1 -1 -1 -1 -1 -1 -1 -1 -1 -1 -1 -1 -1 -1 -1 -1 -1 -1 -1 -1 -1 75 -1 -1 -1 -1 -1 -1 -1 -1 -1 -1
-1 -1 -1 -1 -1 -1 -1 -1 -1 -1 -1 -1 -1 -1 -1 -1 -1 -1 -1 -1 -1 -1 -1 -1 -1 63 -1 -1 -1 -1 -1 -1 -1 -1 -1
-1 -1 -1 -1 -1 -1 -1 -1 -1 -1 -1 -1 -1 -1 -1 -1 -1 -1 -1 -1 -1 -1 23 74 54 49 -1 -1 -1 -1 -1 -1 -1 -1 -1
-1 -1 -1 -1 -1 -1 -1 -1 -1 -1 -1 -1 -1 -1 -1 -1 -1 -1 -1 -1 -1 -1 -1 -1 -1 -1 98 -1 -1 -1 -1 -1 -1 -1 -1
-1 -1 -1 -1 -1 -1 -1 -1 -1 -1 -1 -1 -1 -1 -1 -1 -1 -1 -1 -1 -1 -1 -1 -1 -1 -1 -1 94 -1 -1 -1 -1 -1 -1 -1
-1 -1 -1 -1 -1 -1 -1 -1 -1 -1 -1 -1 -1 -1 -1 -1 -1 -1 -1 -1 -1 -1 -1 -1 -1 -1 -1 -1 42 -1 -1 -1 -1 -1 -1
-1 -1 -1 -1 -1 -1 -1 -1 -1 -1 -1 -1 -1 -1 -1 -1 -1 -1 -1 -1 -1 -1 -1 -1 -1 -1 -1 -1 -1 31 -1 -1 -1 -1 -1
-1 -1 -1 -1 -1 -1 -1 -1 -1 -1 -1 -1 -1 -1 -1 -1 -1 -1 -1 -1 -1 -1 -1 -1 -1 -1 -1 41 99 20 -1 -1 -1 -1 -1
-1 -1 -1 -1 -1 -1 -1 -1 -1 -1 -1 -1 -1 -1 -1 -1 -1 -1 -1 -1 -1 -1 -1 -1 -1 -1 -1 -1 -1 -1 11 -1 -1 -1 -1
-1 -1 -1 -1 -1 -1 -1 -1 -1 -1 -1 -1 -1 -1 -1 -1 -1 -1 -1 -1 -1 -1 -1 -1 -1 -1 -1 -1 -1 -1 -1 61 -1 -1 -1
-1 -1 -1 -1 -1 -1 -1 -1 -1 -1 -1 -1 -1 -1 -1 -1 -1 -1 -1 -1 -1 -1 -1 -1 -1 -1 -1 -1 -1 -1 -1 -1 73 -1 -1
-1 -1 -1 -1 -1 -1 -1 -1 -1 -1 -1 -1 -1 -1 -1 -1 -1 -1 -1 -1 -1 -1 -1 -1 -1 -1 -1 -1 -1 -1 -1 26 20 -1 -1
-1 -1 -1 -1 -1 -1 -1 -1 -1 -1 -1 -1 -1 -1 -1 -1 -1 -1 -1 -1 -1 -1 -1 -1 -1 -1 -1 -1 -1 -1 -1 -1 -1 31 -1
-1 -1 -1 -1 -1 -1 -1 -1 -1 -1 -1 -1 -1 -1 -1 -1 -1 -1 -1 -1 -1 -1 -1 -1 -1 -1 -1 -1 -1 -1 -1 -1 -1 -1 95
-1 -1 -1 -1 -1 -1 -1 -1 -1 -1 -1 -1 -1 -1 -1 -1 -1 -1 -1 -1 -1 -1 -1 -1 -1 -1 -1 -1 -1 -1 -1 -1 -1 -1 49
-1 -1 -1 -1 -1 -1 -1 -1 -1 -1 -1 -1 -1 -1 -1 -1 -1 -1 -1 -1 -1 -1 -1 -1 -1 -1 -1 -1 -1 -1 -1 -1 -1 -1 -1
