35 32
0.03 0.05 0.04 0.07 0.04 0.06 0.05 0.04 0.05 0.04 0.06 0.04 0.03 0.04 0.06 0.07 0.04 0.04 0.05 0.04 0.03 0.03 0.05 0.05 0.07 0.05 0.03 0.06 0.06 0.04 0.04 0.06
0.89 1.13 1.11 0.82 1.1 0.96 0.82 1.09 1.0 1.01 1.01 1.06 0.92 1.03 0.85 1.05 1.18 0.8 1.18 1.06 0.93 0.89 0.83 1.03 0.92 1.09 0.86 0.98 0.89 0.99 1.14 0.94
2.61 2.81 2.89 2.86 2.61 2.8 2.77 2.78 2.53 2.78 2.55 2.9 2.98 2.88 2.7 2.69 2.71 2.52 2.66 2.94 2.54 2.65 2.58 2.89 2.5 2.78 2.95 2.76 2.73 2.76 2.73 2.73
0.3 0.25 0.26 0.8 0.6 0.04 0.1 0.19 0.3 0.81 0.63 0.62 0.71 0.91 0.44 0.24 0.91 0.22 0.89 0.13 0.24 0.44 0.66 0.46 0.45 0.42 0.59 0.99 0.67 0.04 0.58 0.93
1.0 1.0 1.0 1.0 1.0 1.0 1.0 1.0 1.0 1.0 1.0 1.0 1.0 1.0 1.0 1.0 1.0 1.0 1.0 1.0 1.0 1.0 1.0 1.0 1.0 1.0 1.0 1.0 1.0 1.0 1.0 1.0
70 22 54 51 40 91 34 84 60 16 14 49 29 23 14 51 85 13 63 70 53 58 58 35 32 19 61 37 47 64 63 24
44 44 17 53 87 24 55 44 22 70 50 33 41 79 90 19 51 37 98 82 16 83 29 64 72 22 10 88 63 55 18 25
93 78 16 17 25 99 46 74 56 41 71 58 84 77 70 69 31 32 33 12 49 88 13 48 61 51 38 19 60 74 51 23
91 41 68 56 52 79 22 13 19 91 51 52 93 60 62 16 12 43 98 57 25 97 59 61 64 64 85 33 26 74 27 74
16 62 99 33 69 68 85 63 69 22 22 63 51 50 43 28 60 37 68 14 21 77 57 22 12 57 48 18 35 13 13 20
73 24 46 79 84 45 73 27 90 12 33 25 56 92 97 28 88 83 84 57 88 78 80 93 59 41 30 95 12 37 86 46
53 58 75 28 92 68 10 65 32 31 42 41 82 73 66 89 73 16 50 78 87 12 22 24 20 70 52 18 30 36 24 13
69 19 96 34 30 10 12 81 75 71 91 83 47 63 68 18 27 42 26 69 35 75 63 49 55 64 22 18 11 78 75 19
78 94 15 10 40 42 83 99 43 83 86 45 47 57 53 94 76 64 58 56 54 50 58 34 84 50 56 76 18 49 73 29
97 74 18 28 81 91 73 35 16 92 89 51 37 26 96 23 56 40 28 65 84 57 11 89 77 20 67 63 57 69 49 60
91 64 47 23 97 84 56 94 95 29 13 14 81 29 35 10 46 94 95 25 42 13 61 52 25 54 28 91 28 86 59 56
59 11 67 88 43 10 87 94 54 70 93 27 97 66 32 31 67 30 50 96 80 97 28 77 50 75 70 39 15 74 42 51
92 47 27 95 93 69 88 66 50 32 72 42 92 57 77 53 33 91 92 73 99 42 86 90 71 44 90 16 41 29 62 45
55 53 72 88 26 14 41 67 82 60 29 48 69 79 61 92 66 30 57 84 52 44 50 91 85 29 16 82 86 53 25 34
73 73 16 74 36 76 74 26 79 59 91 22 85 94 71 30 70 44 61 95 49 49 45 34 21 97 53 32 65 97 47 69
71 10 57 90 34 79 87 14 66 91 11 55 24 87 71 12 93 51 24 70 36 41 96 74 81 84 27 33 36 90 28 61
37 14 13 10 86 19 42 91 51 16 36 70 66 94 79 76 88 44 75 84 38 52 60 41 86 32 79 49 36 23 88 89
57 95 83 96 88 89 45 55 66 64 20 97 91 18 18 84 81 43 48 94 90 62 34 66 50 72 18 79 82 80 54 54
53 92 49 88 32 15 39 38 18 48 65 74 33 71 97 98 74 12 10 46 35 90 79 73 58 17 23 92 40 22 73 94
57 51 55 98 56 47 86 28 70 69 63 91 30 21 71 21 45 93 15 25 58 50 16 42 29 31 64 75 16 71 54 96
54 71 52 86 99 38 26 31 89 92 93 86 44 59 46 37 56 34 33 24 51 92 39 60 69 19 89 98 95 52 53 69
96 88 84 39 97 19 16 82 99 53 88 90 56 93 46 43 24 65 62 53 12 59 31 73 50 25 64 60 70 47 50 30
57 53 10 45 38 89 71 64 99 35 54 14 85 41 50 76 16 72 20 26 21 20 44 84 15 34 74 26 63 79 45 97
60 73 68 54 82 22 10 79 13 26 79 31 90 22 39 42 75 53 89 17 21 76 83 24 82 40 78 67 41 27 99 87
33 52 66 16 59 97 67 82 12 56 28 42 60 78 72 14 29 10 16 22 47 85 27 81 88 50 89 88 34 47 94 11
39 53 80 47 29 41 31 35 38 70 19 46 35 40 47 15 72 28 93 74 14 72 72 82 25 32 99 11 77 72 47 95
14 79 91 18 88 38 97 10 42 39 63 93 17 75 84 43 98 77 85 29 64 76 11 97 43 30 98 63 31 49 45 41
37 47 57 87 16 81 65 51 60 86 83 27 18 77 50 38 32 89 35 66 79 36 42 58 12 52 48 95 25 91 49 63
86 16 55 86 48 63 89 32 86 75 20 21 85 65 89 72 15 71 56 18 44 86 38 54 36 95 27 70 15 54 16 84
76 71 77 42 30 84 46 17 27 37 83 71 34 32 53 91 44 14 30 30 55 13 44 16 51 11 67 21 14 12 49 68
76 61 37 55 17 10 38 99 42 43 58 94 41 93 64 28 86 94 25 90 26 34 44 50 99 93 10 11 97 39 98 38
27 14 18 33 72 31 74 17 50 94 51 37 92 93 44 57 65 80 86 53 60 48 95 39 63 92 19 50 66 68 92 43
54 17 55 44 67 21 58 91 33 68 32 13 62 87 41 49 95 63 34 85 18 31 51 49 42 60 93 47 27 84 79 20
92 54 36 68 81 70 66 67 58 52 85 80 41 92 31 75 11 34 28 89 16 27 82 93 29 50 98 88 56 73 80 28
83 14 52 40 81 12 14 87 62 60 86 91 65 59 12 26 57 71 70 83 95 58 55 63 13 81 49 51 31 86 31 65
-1 15 86 11 76 92 72 94 -1 -1 -1 -1 -1 -1 -1 -1 -1 -1 -1 -1 -1 -1 -1 -1 -1 -1 -1 -1 -1 -1 -1 -1 -1 -1 -1
-1 -1 -1 -1 -1 -1 -1 -1 12 -1 -1 -1 -1 -1 -1 -1 -1 -1 -1 -1 -1 -1 -1 -1 -1 -1 -1 -1 -1 -1 -1 -1 -1 -1 -1
-1 -1 -1 -1 -1 -1 -1 -1 -1 90 -1 -1 -1 -1 -1 -1 -1 -1 -1 -1 -1 -1 -1 -1 -1 -1 -1 -1 -1 -1 -1 -1 -1 -1 -1
-1 -1 -1 -1 -1 -1 -1 -1 -1 -1 18 -1 -1 -1 -1 -1 -1 -1 -1 -1 -1 -1 -1 -1 -1 -1 -1 -1 -1 -1 -1 -1 -1 -1 -1
-1 -1 -1 -1 -1 -1 -1 -1 -1 -1 -1 41 -1 -1 -1 -1 -1 -1 -1 -1 -1 -1 -1 -1 -1 -1 -1 -1 -1 -1 -1 -1 -1 -1 -1
-1 -1 -1 -1 -1 -1 -1 -1 -1 -1 -1 -1 36 -1 -1 -1 -1 -1 -1 -1 -1 -1 -1 -1 -1 -1 -1 -1 -1 -1 -1 -1 -1 -1 -1
-1 -1 -1 -1 -1 -1 -1 -1 -1 -1 -1 -1 -1 84 -1 -1 -1 -1 -1 -1 -1 -1 -1 -1 -1 -1 -1 -1 -1 -1 -1 -1 -1 -1 -1
-1 -1 -1 -1 -1 -1 -1 -1 -1 -1 -1 -1 -1 -1 11 -1 -1 -1 -1 -1 -1 -1 -1 -1 -1 -1 -1 -1 -1 -1 -1 -1 -1 -1 -1
-1 -1 -1 -1 -1 -1 -1 -1 -1 54 87 59 24 19 67 -1 -1 -1 -1 -1 -1 -1 -1 -1 -1 -1 -1 -1 -1 -1 -1 -1 -1 -1 -1
-1 -1 -1 -1 -1 -1 -1 -1 -1 -1 -1 -1 -1 -1 -1 45 -1 -1 -1 -1 -1 -1 -1 -1 -1 -1 -1 -1 -1 -1 -1 -1 -1 -1 -1
-1 -1 -1 -1 -1 -1 -1 -1 -1 -1 -1 -1 -1 -1 -1 -1 52 -1 -1 -1 -1 -1 -1 -1 -1 -1 -1 -1 -1 -1 -1 -1 -1 -1 -1
-1 -1 -1 -1 -1 -1 -1 -1 -1 -1 -1 -1 -1 -1 -1 -1 -1 83 -1 -1 -1 -1 -1 -1 -1 -1 -1 -1 -1 -1 -1 -1 -1 -1 -1
-1 -1 -1 -1 -1 -1 -1 -1 -1 -1 -1 -1 -1 -1 -1 -1 -1 -1 27 -1 -1 -1 -1 -1 -1 -1 -1 -1 -1 -1 -1 -1 -1 -1 -1
-1 -1 -1 -1 -1 -1 -1 -1 -1 -1 -1 -1 -1 -1 -1 -1 -1 -1 -1 62 -1 -1 -1 -1 -1 -1 -1 -1 -1 -1 -1 -1 -1 -1 -1
-1 -1 -1 -1 -1 -1 -1 -1 -1 -1 -1 -1 -1 -1 -1 -1 -1 -1 -1 -1 98 -1 -1 -1 -1 -1 -1 -1 -1 -1 -1 -1 -1 -1 -1
-1 -1 -1 -1 -1 -1 -1 -1 -1 -1 -1 -1 -1 -1 -1 -1 23 24 57 92 87 -1 -1 -1 -1 -1 -1 -1 -1 -1 -1 -1 -1 -1 -1
-1 -1 -1 -1 -1 -1 -1 -1 -1 -1 -1 -1 -1 -1 -1 -1 -1 -1 -1 -1 -1 54 -1 -1 -1 -1 -1 -1 -1 -1 -1 -1 -1 -1 -1
-1 -1 -1 -1 -1 -1 -1 -1 -1 -1 -1 -1 -1 -1 -1 -1 -1 -1 -1 -1 -1 -1 17 -1 -1 -1 -1 -1 -1 -1 -1 -1 -1 -1 -1
-1 -1 -1 -1 -1 -1 -1 -1 -1 -1 -1 -1 -1 -1 -1 -1 -1 -1 -1 -1 -1 -1 -1 15 -1 -1 -1 -1 -1 -1 -1 -1 -1 -1 -1
-1 -1 -1 -1 -1 -1 -1 -1 -1 -1 -1 -1 -1 -1 -1 -1 -1 -1 -1 -1 -1 -1 -1 -1 58 -1 -1 -1 -1 -1 -1 -1 -1 -1 -1
-1 -1 -1 -1 -1 -1 -1 -1 -1 -1 -1 -1 -1 -1 -1 -1 -1 -1 -1 -1 -1 -1 -1 -1 -1 19 -1 -1 -1 -1 -1 -1 -1 -1 -1
-1 -1 -1 -1 -1 -1 -1 -1 -1 -1 -1 -1 -1 -1 -1 -1 -1 -1 -1 -1 -1 -1 29 56 31 17 -1 -1 -1 -1 -1 -1 -1 -1 -1
-1 -1 -1 -1 -1 -1 -1 -1 -1 -1 -1 -1 -1 -1 -1 -1 -1 -1 -1 -1 -1 -1 -1 -1 -1 -1 100 -1 -1 -1 -1 -1 -1 -1 -1
-1 -1 -1 -1 -1 -1 -1 -1 -1 -1 -1 -1 -1 -1 -1 -1 -1 -1 -1 -1 -1 -1 -1 -1 -1 -1 -1 39 -1 -1 -1 -1 -1 -1 -1
-1 -1 -1 -1 -1 -1 -1 -1 -1 -1 -1 -1 -1 -1 -1 -1 -1 -1 -1 -1 -1 -1 -1 -1 -1 -1 -1 -1 39 -1 -1 -1 -1 -1 -1
-1 -1 -1 -1 -1 -1 -1 -1 -1 -1 -1 -1 -1 -1 -1 -1 -1 -1 -1 -1 -1 -1 -1 -1 -1 -1 -1 -1 -1 54 -1 -1 -1 -1 -1
-1 -1 -1 -1 -1 -1 -1 -1 -1 -1 -1 -1 -1 -1 -1 -1 -1 -1 -1 -1 -1 -1 -1 -1 -1 -1 -1 33 40 37 -1 -1 -1 -1 -1
-1 -1 -1 -1 -1 -1 -1 -1 -1 -1 -1 -1 -1 -1 -1 -1 -1 -1 -1 -1 -1 -1 -1 -1 -1 -1 -1 -1 -1 -1 90 -1 -1 -1 -1
-1 -1 -1 -1 -1 -1 -1 -1 -1 -1 -1 -1 -1 -1 -1 -1 -1 -1 -1 -1 -1 -1 -1 -1 -1 -1 -1 -1 -1 -1 -1 93 -1 -1 -1
-1 -1 -1 -1 -1 -1 -1 -1 -1 -1 -1 -1 -1 -1 -1 -1 -1 -1 -1 -1 -1 -1 -1 -1 -1 -1 -1 -1 -1 -1 -1 -1 86 -1 -1
-1 -1 -1 -1 -1 -1 -1 -1 -1 -1 -1 -1 -1 -1 -1 -1 -1 -1 -1 -1 -1 -1 -1 -1 -1 -1 -1 -1 -1 -1 -1 85 86 -1 -1
-1 -1 -1 -1 -1 -1 -1 -1 -1 -1 -1 -1 -1 -1 -1 -1 -1 -1 -1 -1 -1 -1 -1 -1 -1 -1 -1 -1 -1 -1 -1 -1 -1 17 -1
-1 -1 -1 -1 -1 -1 -1 -1 -1 -1 -1 -1 -1 -1 -1 -1 -1 -1 -1 -1 -1 -1 -1 -1 -1 -1 -1 -1 -1 -1 -1 -1 -1 -1 17
-1 -1 -1 -1 -1 -1 -1 -1 -1 -1 -1 -1 -1 -1 -1 -1 -1 -1 -1 -1 -1 -1 -1 -1 -1 -1 -1 -1 -1 -1 -1 -1 -1 -1 14
-1 -1 -1 -1 -1 -1 -1 -1 -1 -1 -1 -1 -1 -1 -1 -1 -1 -1 -1 -1 -1 -1 -1 -1 -1 -1 -1 -1 -1 -1 -1 -1 -1 -1 -1
