9 64
0.04 0.05 0.05 0.06 0.06 0.07 0.05 0.04 0.05 0.05 0.06 0.04 0.07 0.05 0.03 0.07 0.03 0.04 0.05 0.05 0.03 0.05 0.05 0.06 0.05 0.03 0.05 0.04 0.05 0.03 0.04 0.06 0.04 0.06 0.04 0.03 0.05 0.06 0.07 0.04 0.05 0.04 0.07 0.05 0.07 0.03 0.05 0.05 0.05 0.04 0.03 0.04 0.06 0.04 0.05 0.03 0.04 0.06 0.04 0.07 0.05 0.05 0.05 0.05
1.17 0.97 0.92 1.18 1.06 1.09 1.19 0.88 1.02 1.03 1.04 0.8 1.2 1.13 0.81 1.0 0.93 0.91 1.0 1.08 1.13 0.81 1.18 0.85 0.81 1.03 0.85 1.09 0.88 1.04 0.99 1.13 1.14 0.86 1.19 1.17 1.11 0.95 0.95 0.83 0.95 0.95 0.81 0.95 1.0 1.14 0.85 1.16 0.83 1.08 0.83 1.18 1.18 0.97 1.15 1.15 1.14 0.83 0.85 0.94 1.09 1.05 0.82 1.0
2.69 2.79 2.73 2.66 2.67 2.6 2.9 2.69 2.74 2.59 2.66 2.69 2.86 2.53 2.61 2.61 2.88 2.66 2.78 2.6 2.81 2.56 2.64 2.98 2.52 2.91 2.7 2.65 2.58 2.77 2.75 2.69 3.0 2.87 2.55 2.91 2.85 2.63 2.98 2.61 2.93 2.81 2.79 2.63 2.62 2.68 2.92 2.86 2.75 2.98 2.64 3.0 2.83 2.61 2.55 2.91 2.86 2.89 2.59 2.72 2.61 2.81 2.66 2.67
0.39 0.88 0.64 0.73 0.86 0.13 0.87 0.69 0.33 0.24 0.2 0.84 0.03 0.32 0.78 0.81 0.27 0.99 0.98 0.52 0.8 0.45 0.91 0.44 0.81 0.13 0.14 0.33 0.49 0.86 0.34 0.72 0.2 0.14 0.27 0.8 0.22 0.36 0.92 0.52 0.79 0.81 0.97 0.54 0.89 0.71 0.16 0.16 0.45 0.96 0.94 0.24 0.57 0.96 0.32 0.04 0.46 0.36 0.87 0.25 0.39 0.53 0.94 0.23
1.0 1.0 1.0 1.0 1.0 1.0 1.0 1.0 1.0 1.0 1.0 1.0 1.0 1.0 1.0 1.0 1.0 1.0 1.0 1.0 1.0 1.0 1.0 1.0 1.0 1.0 1.0 1.0 1.0 1.0 1.0 1.0 1.0 1.0 1.0 1.0 1.0 1.0 1.0 1.0 1.0 1.0 1.0 1.0 1.0 1.0 1.0 1.0 1.0 1.0 1.0 1.0 1.0 1.0 1.0 1.0 1.0 1.0 1.0 1.0 1.0 1.0 1.0 1.0
46 79 95 30 66 49 96 32 46 43 51 63 35 60 38 41 14 88 33 57 48 73 25 87 21 12 72 99 58 60 48 61 43 19 27 18 30 69 24 44 24 97 73 31 38 25 85 94 20 97 55 22 78 95 70 68 74 31 75 15 66 11 75 52
35 19 67 59 34 24 38 93 51 19 39 35 41 48 13 78 11 47 12 86 55 18 21 95 63 75 87 35 61 87 54 76 57 28 96 91 39 25 78 37 23 56 25 18 83 53 57 10 37 63 31 65 10 30 61 15 48 67 81 42 92 59 73 58
83 97 98 20 59 62 62 96 92 99 66 92 56 57 34 41 28 40 21 29 24 75 47 55 99 47 75 18 69 61 26 28 11 11 47 57 52 91 62 98 46 33 68 94 27 30 84 46 65 54 64 59 85 53 89 70 14 71 94 42 17 32 30 48
19 14 88 48 99 26 38 72 37 82 38 37 18 10 34 86 28 63 37 64 16 85 33 28 85 50 80 89 33 37 91 10 73 82 25 34 78 87 79 68 53 65 17 43 23 15 63 61 19 17 52 70 32 30 84 63 91 75 59 56 77 70 79 55
16 12 27 95 80 25 34 64 78 52 55 50 20 45 75 81 33 39 67 18 15 86 58 29 77 13 30 63 68 66 20 61 28 61 12 68 34 49 98 13 42 50 54 54 19 73 66 26 36 38 73 91 27 28 76 83 60 62 88 24 15 31 72 19
97 29 27 49 39 41 95 74 63 81 95 39 15 43 84 73 73 77 30 24 21 46 40 78 72 63 84 43 85 54 42 97 64 38 90 75 36 13 69 95 81 31 73 22 73 87 47 87 22 36 85 85 41 75 77 37 78 92 78 19 71 35 46 68
17 38 67 48 53 34 97 50 71 39 19 89 38 53 32 57 74 72 50 12 86 86 29 48 63 24 73 98 48 81 78 76 23 91 52 48 54 49 29 47 41 73 94 66 75 17 99 30 88 98 51 28 73 89 62 82 31 16 47 35 83 68 38 62
55 46 73 50 35 52 76 28 94 96 78 64 96 90 28 98 77 60 51 10 15 31 56 90 54 43 33 50 59 45 14 72 28 24 98 15 22 83 77 69 19 27 65 47 26 41 30 77 36 88 37 82 76 73 16 20 51 76 41 33 89 31 25 12
29 25 47 94 95 68 28 28 28 11 58 66 35 52 84 20 98 97 16 16 96 33 90 64 34 31 69 77 28 54 74 91 12 58 40 51 96 53 61 20 53 13 88 60 33 64 82 90 16 68 98 40 41 68 18 58 74 38 27 21 49 77 23 11
-1 37 90 38 -1 -1 -1 -1 -1
-1 -1 -1 -1 57 -1 -1 -1 -1
-1 -1 -1 -1 -1 11 -1 -1 -1
-1 -1 -1 -1 -1 -1 22 -1 -1
-1 -1 -1 -1 -1 66 91 -1 -1
-1 -1 -1 -1 -1 -1 -1 99 -1
-1 -1 -1 -1 -1 -1 -1 -1 95
-1 -1 -1 -1 -1 -1 -1 -1 83
-1 -1 -1 -1 -1 -1 -1 -1 -1
