9 8
0.04 0.03 0.03 0.05 0.05 0.05 0.03 0.06
1.12 1.14 0.8 0.81 0.83 1.12 1.05 0.9
2.8 2.98 2.87 2.85 2.81 2.69 2.95 2.56
0.15 0.71 0.24 0.07 0.84 0.26 0.4 0.78
1.0 1.0 1.0 1.0 1.0 1.0 1.0 1.0
65 51 93 82 16 40 30 94
52 80 16 66 43 36 47 51
23 56 84 47 82 25 13 94
74 10 49 23 85 45 88 64
61 80 48 73 49 74 52 33
89 92 31 88 98 92 52 98
71 38 49 79 75 45 83 46
97 86 67 98 15 95 33 11
14 22 21 99 59 46 16 79
-1 75 38 43 -1 -1 -1 -1 -1
-1 -1 -1 -1 37 -1 -1 -1 -1
-1 -1 -1 -1 -1 11 -1 -1 -1
-1 -1 -1 -1 -1 -1 26 -1 -1
-1 -1 -1 -1 -1 30 21 -1 -1
-1 -1 -1 -1 -1 -1 -1 61 -1
-1 -1 -1 -1 -1 -1 -1 -1 40
-1 -1 -1 -1 -1 -1 -1 -1 72
-1 -1 -1 -1 -1 -1 -1 -1 -1
