11 64
0 0 0 0 0 0 0 0 0 0 0 0 0 0 0 0 0 0 0 0 0 0 0 0 0 0 0 0 0 0 0 0 0 0 0 0 0 0 0 0 0 0 0 0 0 0 0 0 0 0 0 0 0 0 0 0 0 0 0 0 0 0 0 0 
73 37 30 98 18 77 77 73 31 97 88 80 22 97 17 99 46 12 99 85 14 96 72 32 55 79 85 91 24 65 79 56 40 60 15 51 62 95 30 28 45 44 73 48 51 57 50 21 68 30 80 26 92 87 60 91 38 17 89 96 46 37 38 57 
40 18 35 67 89 11 52 82 29 81 95 18 69 13 39 30 98 67 29 45 11 75 89 84 14 58 90 57 60 58 73 21 69 88 76 57 99 77 82 14 72 73 16 44 21 53 80 84 68 78 42 42 50 63 87 26 21 50 67 15 47 80 71 89 
33 52 32 99 45 88 93 50 28 46 73 66 56 62 38 28 60 48 39 19 36 23 47 89 56 67 79 12 58 49 72 49 79 67 35 39 96 78 24 96 58 43 26 55 45 76 43 82 37 26 10 57 74 83 99 34 21 75 98 92 25 63 74 73 
54 50 87 31 43 26 63 29 51 90 52 55 10 15 92 89 97 46 85 10 44 43 42 89 91 64 93 36 99 52 41 55 53 20 62 68 95 22 73 27 86 86 53 48 80 23 14 36 48 25 25 52 18 79 97 64 44 20 17 71 68 22 97 93 
80 21 84 64 45 96 91 67 10 33 15 58 56 11 40 36 97 20 18 48 72 51 25 63 11 51 89 99 17 35 91 99 73 83 16 69 66 75 60 48 86 65 76 48 47 45 76 27 38 11 51 29 66 33 48 41 25 65 29 70 76 30 75 35 
54 66 29 89 62 32 55 53 56 84 72 57 86 79 36 81 21 54 34 97 14 14 12 46 54 72 68 24 72 73 17 61 12 46 89 62 96 33 53 43 76 83 86 42 32 82 24 61 15 14 39 44 29 42 78 36 94 91 54 19 61 81 69 77 
87 38 75 16 86 21 15 88 21 90 47 56 80 11 11 20 88 65 46 94 48 69 66 41 64 23 94 91 33 45 99 37 98 56 86 99 69 40 93 23 84 50 12 79 45 61 57 14 53 48 10 52 91 77 82 45 91 83 90 41 75 72 20 52 
22 94 45 47 76 25 89 37 25 62 80 50 71 19 25 87 98 89 16 10 57 48 54 52 87 84 53 50 68 75 64 19 91 95 79 56 53 76 38 95 96 13 76 83 23 23 84 20 43 18 12 80 95 66 52 44 36 32 93 81 84 54 57 89 
73 74 11 59 15 75 78 26 81 32 80 67 39 60 31 43 14 40 40 31 71 49 98 86 33 87 63 53 13 98 95 20 11 86 11 35 97 42 95 33 85 77 65 59 21 74 50 17 97 52 68 69 38 97 28 64 10 99 24 37 53 45 36 20 
48 21 59 20 24 87 72 40 14 98 12 26 18 65 14 38 54 95 44 45 17 66 89 57 92 46 53 75 10 89 65 42 69 75 54 86 22 35 45 72 24 94 24 19 86 73 52 90 77 22 35 70 83 75 46 75 95 22 64 53 93 63 65 76 
-1 0 0 0 0 -1 -1 -1 -1 -1 -1 
-1 -1 -1 -1 -1 41 39 76 -1 -1 -1 
-1 -1 -1 -1 -1 73 -1 -1 -1 -1 -1 
-1 -1 -1 -1 -1 -1 89 -1 -1 -1 -1 
-1 -1 -1 -1 -1 -1 -1 97 -1 -1 -1 
-1 -1 -1 -1 -1 -1 -1 -1 100 73 -1 
-1 -1 -1 -1 -1 -1 -1 -1 78 -1 -1 
-1 -1 -1 -1 -1 -1 -1 -1 -1 66 -1 
-1 -1 -1 -1 -1 -1 -1 -1 -1 -1 63 
-1 -1 -1 -1 -1 -1 -1 -1 -1 -1 98 
-1 -1 -1 -1 -1 -1 -1 -1 -1 -1 -1 
