11 4
0 0 0 0 
50 40 45 93 
42 70 70 57 
88 66 52 47 
33 11 58 37 
40 25 96 24 
58 10 80 13 
32 41 31 92 
50 74 92 63 
95 29 78 51 
20 51 53 24 
-1 0 0 0 0 -1 -1 -1 -1 -1 -1 
-1 -1 -1 -1 -1 16 96 56 -1 -1 -1 
-1 -1 -1 -1 -1 34 -1 -1 -1 -1 -1 
-1 -1 -1 -1 -1 -1 35 -1 -1 -1 -1 
-1 -1 -1 -1 -1 -1 -1 96 -1 -1 -1 
-1 -1 -1 -1 -1 -1 -1 -1 69 85 -1 
-1 -1 -1 -1 -1 -1 -1 -1 31 -1 -1 
-1 -1 -1 -1 -1 -1 -1 -1 -1 52 -1 
-1 -1 -1 -1 -1 -1 -1 -1 -1 -1 48 
-1 -1 -1 -1 -1 -1 -1 -1 -1 -1 44 
-1 -1 -1 -1 -1 -1 -1 -1 -1 -1 -1 
