11 16
0.07 0.07 0.05 0.06 0.04 0.06 0.07 0.03 0.06 0.04 0.04 0.07 0.04 0.07 0.05 0.04
0.92 1.16 1.02 1.05 1.11 0.81 0.91 0.94 0.96 1.08 1.1 0.92 1.09 0.99 0.98 0.93
2.87 2.99 2.92 2.53 2.6 2.59 2.91 2.69 2.54 2.86 2.74 2.95 2.61 3.0 2.59 2.74
0.15 0.63 0.86 0.61 0.79 0.52 0.33 0.79 0.14 0.26 0.77 0.9 0.13 0.48 0.02 0.76
1.0 1.0 1.0 1.0 1.0 1.0 1.0 1.0 1.0 1.0 1.0 1.0 1.0 1.0 1.0 1.0
0 0 0 0 0 0 0 0 0 0 0 0 0 0 0 0
51 91 79 91 71 34 14 38 49 38 16 99 19 85 82 53
79 32 31 98 78 29 30 30 43 57 29 22 24 87 27 70
35 66 16 91 32 72 56 76 46 97 26 19 92 58 95 18
11 84 93 70 97 44 79 48 93 82 92 53 74 28 99 82
80 67 40 78 63 33 76 37 36 66 13 12 83 16 43 43
34 93 54 58 92 70 66 42 50 60 58 13 73 92 68 35
10 11 86 14 72 83 27 76 94 38 71 41 49 76 43 10
36 63 20 72 76 55 56 52 32 15 11 33 37 35 25 46
39 97 23 20 90 61 62 55 31 80 22 35 77 99 39 82
66 14 60 99 57 56 46 81 63 20 53 17 62 45 33 57
-1 0 0 0 0 -1 -1 -1 -1 -1 -1
-1 -1 -1 -1 -1 71 60 93 -1 -1 -1
-1 -1 -1 -1 -1 86 -1 -1 -1 -1 -1
-1 -1 -1 -1 -1 -1 17 -1 -1 -1 -1
-1 -1 -1 -1 -1 -1 -1 51 -1 -1 -1
-1 -1 -1 -1 -1 -1 -1 -1 70 42 -1
-1 -1 -1 -1 -1 -1 -1 -1 67 -1 -1
-1 -1 -1 -1 -1 -1 -1 -1 -1 33 -1
-1 -1 -1 -1 -1 -1 -1 -1 -1 -1 83
-1 -1 -1 -1 -1 -1 -1 -1 -1 -1 52
-1 -1 -1 -1 -1 -1 -1 -1 -1 -1 -1
