11 4
0 0 0 0 
34 55 35 16 
19 29 24 21 
11 51 65 45 
10 57 27 94 
36 60 44 33 
46 63 81 47 
76 23 96 73 
46 86 11 64 
85 39 97 80 
25 70 75 72 
-1 0 0 0 0 -1 -1 -1 -1 -1 -1 
-1 -1 -1 -1 -1 92 71 83 -1 -1 -1 
-1 -1 -1 -1 -1 76 -1 -1 -1 -1 -1 
-1 -1 -1 -1 -1 -1 74 -1 -1 -1 -1 
-1 -1 -1 -1 -1 -1 -1 15 -1 -1 -1 
-1 -1 -1 -1 -1 -1 -1 -1 52 34 -1 
-1 -1 -1 -1 -1 -1 -1 -1 47 -1 -1 
-1 -1 -1 -1 -1 -1 -1 -1 -1 69 -1 
-1 -1 -1 -1 -1 -1 -1 -1 -1 -1 10 
-1 -1 -1 -1 -1 -1 -1 -1 -1 -1 46 
-1 -1 -1 -1 -1 -1 -1 -1 -1 -1 -1 
