9 8
0.05 0.07 0.04 0.05 0.05 0.04 0.07 0.05
0.81 0.86 0.85 1.12 0.84 0.87 1.08 1.12
2.62 2.57 2.67 2.85 2.82 2.73 2.86 2.6
0.66 0.34 0.31 0.56 0.71 0.83 0.01 0.88
1.0 1.0 1.0 1.0 1.0 1.0 1.0 1.0
43 86 38 31 37 31 14 18
63 57 73 11 36 32 81 44
39 61 81 57 70 98 79 21
69 70 45 64 74 89 47 79
60 88 97 91 69 41 77 46
12 99 91 46 90 31 51 88
65 34 53 85 58 39 88 28
28 11 44 61 11 24 64 40
22 16 18 70 73 62 36 14
-1 16 85 31 -1 -1 -1 -1 -1
-1 -1 -1 -1 57 -1 -1 -1 -1
-1 -1 -1 -1 -1 31 -1 -1 -1
-1 -1 -1 -1 -1 -1 17 -1 -1
-1 -1 -1 -1 -1 10 33 -1 -1
-1 -1 -1 -1 -1 -1 -1 26 -1
-1 -1 -1 -1 -1 -1 -1 -1 31
-1 -1 -1 -1 -1 -1 -1 -1 29
-1 -1 -1 -1 -1 -1 -1 -1 -1
