9 64
0.06 0.06 0.06 0.05 0.06 0.07 0.05 0.06 0.04 0.06 0.04 0.03 0.06 0.04 0.05 0.07 0.06 0.03 0.04 0.05 0.06 0.03 0.03 0.05 0.03 0.05 0.04 0.05 0.07 0.04 0.04 0.06 0.06 0.04 0.03 0.03 0.07 0.06 0.06 0.06 0.07 0.06 0.05 0.04 0.07 0.05 0.03 0.07 0.07 0.03 0.05 0.03 0.04 0.05 0.05 0.06 0.06 0.04 0.05 0.03 0.04 0.04 0.06 0.04
1.05 1.15 0.87 1.03 0.85 1.0 1.02 1.17 1.01 1.08 0.87 0.82 0.89 0.98 0.96 0.85 1.17 0.81 1.17 1.16 0.9 1.17 1.08 0.87 1.01 0.82 0.92 1.0 1.03 0.97 0.85 1.14 0.82 1.17 1.18 0.97 1.03 1.2 1.1 1.19 0.8 0.98 1.16 0.99 1.0 0.81 0.89 0.86 1.13 0.91 0.86 0.98 0.95 1.09 0.89 0.99 1.08 0.83 0.93 0.87 0.82 1.06 0.81 0.99
2.69 2.6 3.0 2.71 2.66 2.92 2.68 2.68 2.79 2.87 2.97 2.99 2.72 2.98 2.88 2.75 2.69 2.64 2.95 2.91 2.84 2.99 2.66 2.66 2.99 2.63 2.67 2.97 2.55 2.82 2.68 2.77 2.94 2.5 2.99 2.54 2.74 2.51 2.55 2.79 2.93 2.81 2.52 2.56 2.76 2.74 2.85 2.63 2.57 2.82 2.61 2.98 2.59 2.55 2.93 2.53 2.84 2.54 2.71 2.95 2.7 2.64 2.56 2.85
0.66 0.11 0.03 0.46 0.96 0.62 0.73 0.14 0.07 0.63 0.08 0.03 0.12 0.53 0.66 0.58 0.83 0.88 0.2 0.79 0.06 0.36 0.21 0.31 0.04 0.43 0.03 0.8 0.81 0.36 0.42 0.86 0.73 0.26 0.73 0.37 0.88 0.83 0.42 0.87 0.99 0.67 0.67 0.33 0.64 0.1 0.65 0.1 0.52 0.5 0.46 0.05 0.7 0.79 0.59 0.46 0.12 0.22 0.84 0.16 0.02 0.98 0.19 0.66
1.0 1.0 1.0 1.0 1.0 1.0 1.0 1.0 1.0 1.0 1.0 1.0 1.0 1.0 1.0 1.0 1.0 1.0 1.0 1.0 1.0 1.0 1.0 1.0 1.0 1.0 1.0 1.0 1.0 1.0 1.0 1.0 1.0 1.0 1.0 1.0 1.0 1.0 1.0 1.0 1.0 1.0 1.0 1.0 1.0 1.0 1.0 1.0 1.0 1.0 1.0 1.0 1.0 1.0 1.0 1.0 1.0 1.0 1.0 1.0 1.0 1.0 1.0 1.0
42 57 65 92 51 81 54 15 44 58 35 59 40 18 56 56 87 77 56 58 60 75 73 82 68 44 27 38 36 72 81 51 93 24 31 25 85 59 64 11 63 48 47 47 12 36 50 89 56 70 67 36 37 63 36 79 20 94 56 37 68 96 36 74
53 55 41 73 25 14 62 73 32 96 10 99 34 30 95 47 62 96 63 59 43 60 44 13 20 96 83 10 30 21 94 10 76 47 65 51 74 36 71 81 13 95 26 75 99 52 74 92 52 34 14 36 93 38 88 31 21 71 35 70 96 13 89 91
18 95 27 41 94 90 45 88 75 54 73 99 74 18 68 62 87 18 97 19 20 27 22 82 73 19 33 99 36 93 33 40 50 11 19 59 86 60 21 37 32 79 10 30 46 83 86 20 24 54 99 95 57 85 73 19 52 64 61 36 68 71 36 15
20 66 89 61 24 72 33 75 18 60 80 18 36 46 29 67 68 83 19 58 87 36 73 79 12 43 91 22 97 63 21 66 99 33 74 25 37 60 18 41 69 88 90 29 73 35 94 19 39 17 39 48 91 39 42 83 60 11 54 21 98 44 74 34
51 55 98 12 30 36 21 47 82 36 61 50 21 34 42 92 54 36 81 37 92 25 21 23 79 38 62 79 46 31 53 89 62 58 27 77 97 21 47 75 29 43 35 64 20 87 98 83 53 41 57 84 69 52 70 58 94 11 70 82 34 73 35 18
20 95 67 50 39 64 66 15 78 66 80 60 28 42 47 32 68 11 22 31 40 69 78 75 47 45 25 94 13 38 74 48 67 74 41 64 18 78 29 71 21 21 85 42 54 77 68 67 79 13 20 85 13 70 67 68 51 24 47 80 33 80 54 75
94 63 35 65 65 15 29 43 21 91 76 40 93 72 42 64 88 17 65 47 82 32 63 10 98 31 59 53 40 71 49 26 10 73 56 93 49 81 94 32 72 42 27 15 93 66 16 52 24 56 26 31 83 26 50 63 66 52 65 26 93 97 41 14
99 32 56 88 80 85 77 89 47 98 73 96 25 74 55 48 67 16 71 78 25 61 92 48 63 13 34 69 12 91 74 92 91 73 95 99 65 90 21 80 25 58 40 59 13 84 66 49 20 12 81 24 70 56 43 75 53 30 14 83 46 17 77 85
94 37 66 34 83 76 26 74 47 70 33 45 58 10 16 98 53 89 78 93 23 89 71 66 11 90 77 45 76 47 61 42 54 22 50 67 19 70 24 43 64 10 34 80 17 19 51 33 54 44 71 45 34 62 50 77 45 93 71 21 95 34 81 90
-1 50 35 24 -1 -1 -1 -1 -1
-1 -1 -1 -1 69 -1 -1 -1 -1
-1 -1 -1 -1 -1 100 -1 -1 -1
-1 -1 -1 -1 -1 -1 23 -1 -1
-1 -1 -1 -1 -1 79 75 -1 -1
-1 -1 -1 -1 -1 -1 -1 58 -1
-1 -1 -1 -1 -1 -1 -1 -1 14
-1 -1 -1 -1 -1 -1 -1 -1 22
-1 -1 -1 -1 -1 -1 -1 -1 -1
