9 16
41 97 17 31 40 80 25 18 15 66 57 35 70 51 27 86 
26 83 27 59 58 78 43 82 23 31 97 45 63 55 53 66 
61 56 70 31 57 27 16 34 48 99 88 80 18 87 33 35 
99 50 86 19 97 23 55 55 39 19 38 10 46 30 48 82 
90 28 58 31 21 51 12 71 12 43 52 47 48 87 50 83 
60 18 36 12 26 76 27 92 86 85 32 62 66 91 76 70 
47 26 85 67 31 25 83 39 61 44 17 72 80 99 80 88 
97 41 21 74 43 82 67 41 75 15 87 75 80 81 38 70 
20 41 90 34 19 87 90 94 10 91 95 92 45 18 41 20 
-1 59 39 97 -1 -1 -1 -1 -1 
-1 -1 -1 -1 64 -1 -1 -1 -1 
-1 -1 -1 -1 -1 78 -1 -1 -1 
-1 -1 -1 -1 -1 -1 69 -1 -1 
-1 -1 -1 -1 -1 32 72 -1 -1 
-1 -1 -1 -1 -1 -1 -1 26 -1 
-1 -1 -1 -1 -1 -1 -1 -1 14 
-1 -1 -1 -1 -1 -1 -1 -1 50 
-1 -1 -1 -1 -1 -1 -1 -1 -1 
