50 64
36 88 95 67 113 97 122 95 35 46 22 100 126 56 56 93 63 44 48 26 69 90 65 81 65 95 3 15 20 100 103 55 59 69 122 43 37 115 9 72 32 30 43 29 86 98 121 20 13 40 45 81 1 109 33 66 75 36 80 95 7 54 21 65 
122 14 108 30 1 116 101 32 18 15 61 103 112 53 122 124 93 38 76 93 18 109 30 93 16 109 59 22 34 79 86 27 93 65 57 93 53 29 124 70 44 56 44 27 109 37 23 73 74 98 37 91 78 67 55 93 47 113 114 81 64 72 107 28 
8 35 120 60 64 115 1 107 43 44 5 23 80 27 95 25 125 3 116 74 69 42 39 116 27 24 68 90 95 46 117 103 81 108 34 16 94 35 122 8 78 126 30 30 25 124 54 21 127 41 94 67 83 4 54 109 28 121 70 122 39 58 96 119 
37 2 6 2 36 127 10 113 124 39 14 20 35 68 40 33 108 6 99 62 9 25 42 36 17 111 30 55 40 125 45 76 126 50 78 33 48 87 18 44 125 31 63 31 98 103 63 78 108 34 11 116 58 53 24 74 35 53 1 75 49 45 22 47 
95 99 79 14 57 96 57 54 127 120 84 96 94 19 45 73 52 56 60 109 108 83 54 14 7 54 88 56 99 110 102 65 80 52 78 9 20 7 62 18 126 17 113 91 35 30 35 86 85 94 66 64 49 120 77 55 45 37 110 15 18 83 79 97 
7 29 105 26 35 38 43 32 55 27 122 89 56 28 47 12 121 112 75 41 103 24 96 20 60 77 34 77 32 113 45 38 13 22 63 47 59 105 78 113 3 71 74 59 98 120 70 90 103 17 3 78 40 98 97 99 46 2 47 77 114 91 114 126 
112 48 44 43 24 121 27 27 63 100 85 32 91 26 122 66 42 124 15 81 93 111 51 10 112 97 87 98 60 72 95 43 120 11 85 15 3 112 41 66 83 125 97 46 23 90 111 64 85 125 17 49 107 67 59 90 36 17 59 95 88 26 9 79 
36 94 94 38 77 6 103 31 3 72 76 25 33 58 88 118 54 104 38 32 43 96 122 78 112 52 44 72 77 52 22 112 17 115 22 93 121 124 124 123 67 71 19 100 1 106 89 54 82 126 86 124 94 79 73 77 2 116 20 79 39 42 62 56 
28 83 20 20 79 15 14 17 86 32 116 86 10 76 11 91 74 96 86 39 46 30 115 48 17 7 126 55 48 59 110 75 14 2 95 92 16 108 108 101 12 96 58 21 43 69 111 116 36 68 26 82 97 13 1 113 19 126 39 66 56 21 12 69 
22 106 32 37 86 12 10 97 107 67 117 21 7 99 9 43 38 34 124 6 46 124 118 64 121 28 1 48 48 13 117 69 118 20 106 75 31 115 43 9 53 31 30 60 1 38 102 38 71 97 43 117 92 32 52 84 60 53 3 107 65 119 48 54 
11 25 1 41 11 43 50 63 74 79 122 74 116 95 112 58 63 26 46 26 58 98 109 117 22 112 95 86 102 14 11 112 38 11 25 48 54 74 111 127 24 104 72 11 71 55 68 5 81 114 31 10 83 11 126 104 122 92 61 96 106 71 79 15 
82 103 63 7 48 45 5 71 20 76 81 90 3 21 95 83 6 125 92 88 7 89 63 1 52 123 96 29 65 46 44 18 21 106 24 68 22 28 11 41 104 91 3 106 111 97 60 116 93 23 75 99 111 9 99 34 3 66 63 68 112 106 85 4 
83 109 71 104 8 81 16 111 44 18 88 26 114 19 14 78 41 88 49 23 97 19 57 99 85 119 38 68 96 123 71 50 103 13 25 110 94 40 93 9 58 52 34 43 71 47 121 111 7 41 6 103 59 62 73 15 52 111 82 19 105 24 68 79 
37 92 60 2 3 24 10 60 76 43 103 18 90 95 128 96 7 5 70 65 66 14 80 117 124 33 7 100 57 74 50 93 37 110 94 40 5 103 99 80 17 73 97 106 39 97 73 45 101 14 110 39 28 61 27 23 93 34 123 21 107 44 113 16 
25 78 55 30 52 25 109 69 98 78 46 8 46 119 53 18 4 34 56 31 94 83 54 58 116 48 79 94 91 63 109 116 13 35 17 64 60 125 4 29 74 50 36 119 40 88 9 43 121 64 74 86 18 127 16 5 46 94 99 8 28 79 123 40 
114 11 104 45 8 107 73 81 28 108 72 67 68 80 110 60 15 55 18 33 53 33 37 98 126 7 105 25 86 100 65 71 110 40 115 117 18 59 70 46 38 13 112 105 92 93 37 106 19 54 10 71 86 47 40 83 53 17 107 10 116 43 80 97 
82 66 86 100 124 27 17 34 39 128 10 2 93 46 107 111 99 117 54 56 35 93 10 87 109 117 97 96 31 48 65 113 114 22 84 109 48 100 14 86 99 24 87 63 69 65 46 40 53 99 95 87 63 105 46 44 93 14 11 123 61 75 107 46 
96 62 27 15 33 40 100 4 63 58 66 4 123 111 43 47 81 9 6 16 113 51 59 77 64 69 72 124 16 50 42 111 112 68 126 16 107 97 19 42 27 85 45 21 67 87 67 20 95 72 35 80 122 93 28 57 33 99 53 48 21 94 31 4 
33 28 19 11 124 38 52 22 122 96 42 60 54 109 79 21 52 113 100 46 77 127 102 110 98 26 29 118 119 59 121 23 86 11 34 82 48 85 103 41 53 17 101 106 125 51 126 48 36 97 93 112 96 67 93 65 92 122 54 83 52 46 105 10 
56 10 91 104 95 65 16 19 81 116 124 77 39 122 125 74 90 89 57 57 27 22 121 119 15 46 73 66 91 49 75 19 59 37 122 25 102 9 43 54 125 38 3 35 31 127 108 121 87 36 49 114 57 42 104 71 87 48 9 50 96 83 68 26 
120 61 50 93 69 92 18 65 2 20 99 32 18 78 24 105 114 73 90 42 114 65 113 72 112 121 121 79 75 60 105 66 120 26 30 61 118 48 125 119 67 96 22 85 45 46 61 30 118 22 72 103 86 56 46 69 48 39 19 122 98 123 60 90 
21 89 22 10 8 18 128 75 113 21 31 30 66 91 59 55 112 2 29 69 57 75 9 104 113 27 98 82 22 29 43 42 117 64 51 125 82 50 71 66 70 101 95 8 63 26 62 46 27 91 114 84 37 122 59 21 20 28 102 41 56 17 82 45 
80 4 41 33 53 111 99 123 83 65 2 17 90 63 62 117 25 47 72 61 40 2 81 59 30 55 100 85 71 53 1 22 57 41 55 109 23 25 103 105 89 104 121 51 39 54 39 63 100 110 124 11 111 76 70 12 2 41 97 72 93 97 94 21 
10 20 2 32 44 104 9 4 80 1 54 118 55 92 52 26 73 47 37 56 123 106 67 124 18 35 68 110 4 33 3 13 52 4 44 95 107 52 98 58 53 24 47 107 115 99 4 60 17 40 115 11 17 53 7 34 88 74 16 91 106 18 103 29 
21 18 123 127 70 92 57 122 115 103 100 102 73 103 33 90 15 19 100 31 71 106 65 30 51 80 120 28 97 94 56 117 112 50 115 53 14 43 46 128 18 17 101 90 119 5 51 5 23 23 36 94 128 100 123 51 51 115 78 19 80 6 7 63 
55 121 115 68 36 32 68 53 48 40 14 39 45 65 43 67 87 78 32 86 49 27 8 99 13 86 117 92 91 123 27 17 116 13 85 23 45 24 75 92 63 88 2 107 24 45 46 110 122 77 68 43 103 75 13 115 32 2 79 122 124 105 11 111 
117 95 5 33 118 79 125 52 39 126 31 62 42 76 44 36 24 111 78 127 57 90 113 89 91 63 82 87 39 92 69 28 58 74 60 47 24 56 99 62 54 1 124 95 76 39 2 99 21 79 97 77 41 82 37 3 16 119 89 55 82 30 82 12 
103 13 58 126 69 28 60 122 28 55 88 103 93 90 74 113 40 42 61 80 123 98 83 11 88 43 65 41 72 18 52 46 30 110 44 98 9 103 91 37 29 51 11 121 12 84 105 51 126 37 3 120 6 85 2 93 127 66 6 71 83 57 116 113 
38 31 82 47 5 45 83 33 95 93 25 106 49 1 28 46 38 30 37 43 114 39 8 113 104 13 55 59 69 42 43 107 73 124 25 77 40 107 110 6 71 6 111 119 7 11 36 44 40 73 86 26 111 93 10 86 105 64 16 46 105 58 24 49 
54 48 126 93 26 107 99 96 112 81 87 118 91 122 33 3 66 119 28 48 83 37 6 60 100 21 105 76 79 128 125 4 47 122 96 72 100 66 39 83 19 125 73 109 119 105 111 56 95 10 104 50 46 109 109 17 1 85 93 79 84 89 82 2 
82 50 73 53 115 111 7 5 108 79 114 98 56 96 25 22 106 128 71 23 108 51 40 109 7 4 59 90 92 13 91 45 62 35 97 48 18 103 53 125 54 38 94 109 5 118 2 110 118 73 5 97 123 44 77 2 47 8 91 10 20 54 54 81 
88 22 128 105 124 52 101 49 89 66 29 94 56 31 75 45 103 79 13 97 122 90 98 40 97 61 49 116 114 102 68 73 123 67 50 119 119 22 39 79 88 68 44 15 98 119 59 72 69 71 40 63 32 10 102 128 70 23 115 55 124 54 127 119 
121 48 109 111 70 19 61 29 86 105 43 55 95 101 126 35 43 38 97 75 47 71 74 116 93 61 42 88 114 40 78 106 88 58 88 29 77 21 57 34 125 99 89 91 71 86 125 113 123 94 59 41 36 5 28 128 65 69 87 50 109 37 28 68 
94 115 96 42 7 24 76 3 122 36 93 64 121 90 48 116 55 107 28 90 111 56 89 47 124 47 96 104 83 123 43 49 110 10 90 116 33 37 119 26 72 83 89 65 44 9 52 98 115 79 59 97 6 19 15 2 66 110 105 20 105 20 68 86 
29 30 73 62 66 63 87 10 18 48 74 61 56 125 31 42 75 89 10 81 108 24 82 45 5 58 64 109 77 4 66 106 33 11 39 98 73 125 107 90 44 52 23 99 48 53 12 123 13 21 75 120 44 28 36 49 85 100 29 34 103 95 11 7 
105 49 104 49 45 83 11 89 6 33 59 54 85 71 48 97 91 122 89 7 21 124 55 105 95 83 10 69 49 20 75 25 68 51 74 113 5 84 73 10 116 3 63 72 73 110 40 36 103 128 42 123 124 96 100 90 50 109 31 99 1 105 123 68 
27 68 52 31 23 124 41 10 127 103 81 71 85 121 106 59 120 19 54 115 114 25 77 36 5 107 6 5 83 128 73 110 68 124 12 90 120 52 100 118 27 52 60 111 44 38 41 36 56 94 22 42 118 98 77 123 76 82 127 31 81 71 12 20 
67 23 110 58 75 81 47 101 4 106 83 48 15 123 83 71 89 104 112 78 74 60 72 21 13 71 51 93 13 62 113 79 85 94 8 31 46 54 3 49 32 85 96 46 79 50 116 39 26 99 117 99 30 60 119 42 2 42 7 15 103 119 93 59 
84 101 89 1 26 91 49 57 47 17 103 126 66 90 36 91 61 24 61 90 84 52 4 85 93 10 99 67 128 64 126 83 36 86 83 61 49 3 118 95 19 92 92 85 53 128 47 113 23 108 75 106 31 78 63 123 87 33 61 86 96 58 40 3 
16 122 64 64 124 53 30 15 16 122 99 68 121 17 53 15 124 127 121 26 76 55 20 34 87 81 119 55 10 30 57 25 23 120 88 18 44 118 32 59 111 2 127 103 19 51 117 14 49 109 40 124 35 59 29 122 11 19 48 21 48 104 45 70 
96 5 87 11 122 119 70 104 120 68 78 10 118 66 24 38 47 63 33 81 121 61 74 4 79 121 24 126 97 68 67 64 72 25 74 65 15 15 40 7 82 117 16 71 55 39 108 101 101 12 53 94 72 127 97 22 119 120 19 87 59 85 22 3 
110 96 67 124 110 107 2 64 95 18 6 21 56 114 121 29 125 46 122 69 44 90 90 34 81 109 121 11 65 14 13 46 109 80 42 91 58 43 26 24 60 31 45 116 16 37 16 13 82 9 81 125 98 42 31 50 22 23 60 87 36 73 4 17 
24 45 107 81 88 4 104 19 34 20 6 50 57 21 62 10 29 14 7 126 55 37 47 77 59 107 35 94 51 38 110 74 83 88 26 42 91 1 60 125 21 66 46 77 86 107 86 115 120 92 112 46 128 31 122 58 9 28 24 59 66 5 4 20 
93 29 61 55 29 120 51 49 57 96 125 15 74 83 1 65 46 112 111 46 14 104 103 22 4 126 80 69 3 83 88 95 111 20 21 12 11 72 60 68 39 57 82 113 11 82 49 56 65 31 101 79 7 76 100 10 73 52 78 75 6 37 41 117 
56 62 128 66 5 59 5 43 115 86 27 125 39 76 53 104 106 25 54 112 100 25 121 45 76 70 119 82 106 32 70 33 93 69 99 97 127 103 11 114 61 38 110 99 113 34 74 90 59 127 74 30 24 66 74 99 8 65 52 113 96 121 18 60 
61 116 28 60 90 38 45 22 75 26 121 59 60 66 21 118 65 94 19 88 31 93 58 38 29 110 23 124 102 40 55 35 27 82 94 116 119 10 10 66 35 2 124 94 67 16 83 3 109 102 90 12 66 20 49 94 1 71 89 102 110 15 8 8 
96 101 124 86 110 5 23 17 6 19 110 72 34 65 75 15 38 36 26 103 55 74 68 55 17 28 29 126 42 36 6 9 9 1 94 118 5 117 6 10 7 116 81 40 52 27 54 89 63 79 63 117 25 2 44 41 29 72 38 70 107 43 78 115 
43 43 105 47 31 110 56 37 97 9 77 20 35 2 108 97 81 42 86 105 43 1 17 71 72 54 12 50 97 89 37 11 4 13 58 34 122 113 71 91 121 19 110 28 20 90 124 100 3 81 76 46 81 92 116 24 18 128 74 114 88 110 124 91 
122 53 125 115 38 67 77 30 85 59 57 104 20 53 76 22 5 23 67 86 115 55 109 4 54 54 117 13 35 112 104 28 37 100 15 74 38 91 103 122 21 32 97 40 84 44 62 88 67 128 45 53 54 26 56 107 79 44 120 114 27 95 13 63 
66 27 8 103 118 111 96 10 14 64 50 97 108 111 56 46 110 101 98 36 126 25 14 76 68 5 61 94 99 74 29 36 100 36 10 89 18 105 99 31 41 20 127 20 2 55 65 111 27 34 18 24 58 32 99 125 36 32 90 7 105 118 42 76 
-1 -1 -1 -1 -1 -1 -1 -1 26 52 37 43 -1 -1 -1 28 -1 -1 -1 -1 7 -1 -1 -1 -1 -1 74 -1 -1 -1 -1 68 -1 -1 -1 -1 -1 -1 26 -1 -1 -1 -1 -1 -1 -1 -1 -1 -1 -1 
-1 -1 -1 -1 -1 -1 -1 -1 -1 -1 -1 -1 72 87 27 -1 -1 -1 -1 -1 -1 -1 -1 -1 -1 -1 -1 126 -1 23 -1 -1 9 -1 -1 -1 -1 -1 -1 24 -1 -1 -1 -1 -1 -1 -1 -1 -1 -1 
-1 -1 -1 -1 -1 -1 -1 -1 -1 56 -1 -1 -1 -1 -1 27 47 113 58 18 -1 -1 -1 -1 -1 -1 -1 -1 -1 -1 -1 -1 -1 -1 -1 -1 -1 -1 -1 -1 109 -1 -1 -1 -1 -1 -1 -1 -1 -1 
-1 -1 -1 -1 -1 -1 -1 -1 -1 -1 -1 -1 -1 93 -1 -1 -1 49 -1 -1 71 99 25 60 -1 -1 -1 -1 13 -1 -1 -1 -1 100 -1 -1 -1 -1 -1 -1 -1 85 -1 -1 -1 -1 -1 -1 -1 -1 
-1 -1 -1 -1 -1 -1 -1 -1 -1 -1 -1 -1 -1 -1 -1 -1 -1 -1 -1 -1 -1 64 -1 -1 8 128 -1 -1 -1 -1 -1 -1 -1 -1 -1 -1 -1 -1 -1 -1 -1 -1 91 -1 -1 -1 -1 -1 -1 -1 
-1 -1 -1 -1 -1 -1 -1 -1 -1 -1 -1 -1 -1 -1 -1 -1 -1 -1 14 -1 -1 -1 73 -1 -1 31 39 16 117 -1 -1 -1 -1 -1 65 -1 -1 -1 -1 -1 -1 -1 -1 14 -1 -1 -1 -1 -1 -1 
-1 -1 -1 -1 -1 -1 -1 -1 -1 -1 12 -1 -1 -1 -1 -1 -1 -1 -1 -1 -1 -1 -1 -1 -1 -1 -1 -1 -1 74 37 -1 -1 -1 -1 67 -1 -1 -1 -1 -1 -1 -1 -1 100 -1 -1 -1 -1 -1 
-1 -1 -1 -1 -1 -1 -1 -1 -1 -1 -1 84 -1 -1 52 -1 -1 -1 -1 29 -1 -1 -1 101 -1 -1 -1 -1 -1 -1 32 121 21 102 92 45 -1 -1 -1 -1 -1 -1 -1 -1 -1 34 -1 -1 -1 -1 
-1 -1 -1 -1 -1 -1 -1 -1 -1 -1 -1 -1 -1 -1 -1 -1 -1 -1 -1 -1 -1 -1 -1 -1 -1 -1 -1 -1 -1 -1 -1 -1 -1 -1 -1 -1 104 -1 -1 -1 -1 -1 -1 -1 -1 -1 -1 -1 -1 -1 
-1 -1 -1 -1 -1 -1 -1 -1 -1 -1 -1 -1 -1 -1 -1 -1 -1 -1 -1 -1 -1 -1 -1 -1 -1 -1 -1 -1 -1 -1 -1 -1 -1 -1 -1 -1 16 -1 -1 -1 -1 -1 -1 -1 -1 -1 -1 -1 -1 -1 
-1 -1 -1 -1 -1 -1 -1 -1 -1 -1 -1 -1 -1 -1 -1 -1 -1 -1 -1 -1 -1 -1 -1 -1 -1 -1 -1 -1 -1 -1 -1 -1 -1 -1 -1 -1 118 -1 -1 -1 -1 -1 -1 -1 -1 -1 -1 -1 -1 -1 
-1 -1 -1 -1 -1 -1 -1 -1 -1 -1 -1 -1 -1 -1 -1 -1 -1 -1 -1 -1 -1 -1 -1 -1 -1 -1 -1 -1 -1 -1 -1 -1 -1 -1 -1 -1 39 -1 -1 -1 -1 -1 -1 -1 -1 -1 -1 -1 -1 -1 
-1 -1 -1 -1 -1 -1 -1 -1 -1 -1 -1 -1 -1 -1 -1 -1 -1 -1 -1 -1 -1 -1 -1 -1 -1 -1 -1 -1 -1 -1 -1 -1 -1 -1 -1 -1 24 -1 -1 -1 -1 -1 -1 -1 -1 -1 -1 -1 -1 -1 
-1 -1 -1 -1 -1 -1 -1 -1 -1 -1 -1 -1 -1 -1 -1 -1 -1 -1 -1 -1 -1 -1 -1 -1 -1 -1 -1 -1 -1 -1 -1 -1 -1 -1 -1 -1 117 -1 -1 -1 -1 -1 -1 -1 -1 -1 -1 -1 -1 -1 
-1 -1 -1 -1 -1 -1 -1 -1 -1 -1 -1 -1 -1 -1 -1 -1 -1 -1 -1 -1 -1 -1 -1 -1 -1 -1 -1 -1 -1 -1 -1 -1 -1 -1 -1 -1 1 -1 -1 -1 -1 -1 -1 -1 -1 -1 -1 -1 -1 -1 
-1 -1 -1 -1 -1 -1 -1 -1 -1 -1 -1 -1 -1 -1 -1 -1 -1 -1 -1 -1 -1 -1 -1 -1 -1 -1 -1 -1 -1 -1 -1 -1 -1 -1 -1 -1 37 -1 -1 -1 -1 -1 -1 -1 -1 -1 -1 -1 -1 -1 
-1 -1 -1 -1 -1 -1 -1 -1 -1 -1 -1 -1 -1 -1 -1 -1 -1 -1 -1 -1 -1 -1 -1 -1 -1 -1 -1 -1 -1 -1 -1 -1 -1 -1 -1 -1 61 -1 -1 -1 -1 -1 -1 -1 -1 -1 -1 -1 -1 -1 
-1 -1 -1 -1 -1 -1 -1 -1 -1 -1 -1 -1 -1 -1 -1 -1 -1 -1 -1 -1 -1 -1 -1 -1 -1 -1 -1 -1 -1 -1 -1 -1 -1 -1 -1 -1 31 -1 -1 -1 -1 -1 -1 -1 -1 -1 -1 -1 -1 -1 
-1 -1 -1 -1 -1 -1 -1 -1 -1 -1 -1 -1 -1 -1 -1 -1 -1 -1 -1 -1 -1 -1 -1 -1 -1 -1 -1 -1 -1 -1 -1 -1 -1 -1 -1 -1 76 -1 -1 -1 -1 -1 -1 -1 -1 -1 -1 -1 -1 -1 
-1 -1 -1 -1 -1 -1 -1 -1 -1 -1 -1 -1 -1 -1 -1 -1 -1 -1 -1 -1 -1 -1 -1 -1 -1 -1 -1 -1 -1 -1 -1 -1 -1 -1 -1 -1 77 -1 -1 -1 -1 -1 -1 -1 -1 -1 -1 -1 -1 -1 
-1 -1 -1 -1 -1 -1 -1 -1 -1 -1 -1 -1 -1 -1 -1 -1 -1 -1 -1 -1 -1 -1 -1 -1 -1 -1 -1 -1 -1 -1 -1 -1 -1 -1 -1 -1 20 -1 -1 -1 -1 -1 -1 -1 -1 -1 -1 -1 -1 -1 
-1 -1 -1 -1 -1 -1 -1 -1 -1 -1 -1 -1 -1 -1 -1 -1 -1 -1 -1 -1 -1 -1 -1 -1 -1 -1 -1 -1 -1 -1 -1 -1 -1 -1 -1 -1 12 -1 -1 -1 -1 -1 -1 -1 -1 -1 -1 -1 -1 -1 
-1 -1 -1 -1 -1 -1 -1 -1 -1 -1 -1 -1 -1 -1 -1 -1 -1 -1 -1 -1 -1 -1 -1 -1 -1 -1 -1 -1 -1 -1 -1 -1 -1 -1 -1 -1 90 -1 -1 -1 -1 -1 -1 -1 -1 -1 -1 -1 -1 -1 
-1 -1 -1 -1 -1 -1 -1 -1 -1 -1 -1 -1 -1 -1 -1 -1 -1 -1 -1 -1 -1 -1 -1 -1 -1 -1 -1 -1 -1 -1 -1 -1 -1 -1 -1 -1 31 -1 -1 -1 -1 -1 -1 -1 -1 -1 -1 -1 -1 -1 
-1 -1 -1 -1 -1 -1 -1 -1 -1 -1 -1 -1 -1 -1 -1 -1 -1 -1 -1 -1 -1 -1 -1 -1 -1 -1 -1 -1 -1 -1 -1 -1 -1 -1 -1 -1 85 -1 -1 -1 -1 -1 -1 -1 -1 -1 -1 -1 -1 -1 
-1 -1 -1 -1 -1 -1 -1 -1 -1 -1 -1 -1 -1 -1 -1 -1 -1 -1 -1 -1 -1 -1 -1 -1 -1 -1 -1 -1 -1 -1 -1 -1 -1 -1 -1 -1 126 -1 -1 -1 -1 -1 -1 -1 -1 -1 -1 -1 -1 -1 
-1 -1 -1 -1 -1 -1 -1 -1 -1 -1 -1 -1 -1 -1 -1 -1 -1 -1 -1 -1 -1 -1 -1 -1 -1 -1 -1 -1 -1 -1 -1 -1 -1 -1 -1 -1 97 -1 -1 -1 -1 -1 -1 -1 -1 -1 -1 -1 -1 -1 
-1 -1 -1 -1 -1 -1 -1 -1 -1 -1 -1 -1 -1 -1 -1 -1 -1 -1 -1 -1 -1 -1 -1 -1 -1 -1 -1 -1 -1 -1 -1 -1 -1 -1 -1 -1 56 -1 -1 -1 -1 -1 -1 -1 -1 -1 -1 -1 -1 -1 
-1 -1 -1 -1 -1 -1 -1 -1 -1 -1 -1 -1 -1 -1 -1 -1 -1 -1 -1 -1 -1 -1 -1 -1 -1 -1 -1 -1 -1 -1 -1 -1 -1 -1 -1 -1 81 -1 -1 -1 -1 -1 -1 -1 -1 -1 -1 -1 -1 -1 
-1 -1 -1 -1 -1 -1 -1 -1 -1 -1 -1 -1 -1 -1 -1 -1 -1 -1 -1 -1 -1 -1 -1 -1 -1 -1 -1 -1 -1 -1 -1 -1 -1 -1 -1 -1 20 -1 -1 -1 -1 -1 -1 -1 -1 -1 -1 -1 -1 -1 
-1 -1 -1 -1 -1 -1 -1 -1 -1 -1 -1 -1 -1 -1 -1 -1 -1 -1 -1 -1 -1 -1 -1 -1 -1 -1 -1 -1 -1 -1 -1 -1 -1 -1 -1 -1 84 -1 -1 -1 -1 -1 -1 -1 -1 -1 -1 -1 -1 -1 
-1 -1 -1 -1 -1 -1 -1 -1 -1 -1 -1 -1 -1 -1 -1 -1 -1 -1 -1 -1 -1 -1 -1 -1 -1 -1 -1 -1 -1 -1 -1 -1 -1 -1 -1 -1 53 -1 -1 -1 -1 -1 -1 -1 -1 -1 -1 -1 -1 -1 
-1 -1 -1 -1 -1 -1 -1 -1 -1 -1 -1 -1 -1 -1 -1 -1 -1 -1 -1 -1 -1 -1 -1 -1 -1 -1 -1 -1 -1 -1 -1 -1 -1 -1 -1 -1 52 -1 -1 -1 -1 -1 -1 -1 -1 -1 -1 -1 -1 -1 
-1 -1 -1 -1 -1 -1 -1 -1 -1 -1 -1 -1 -1 -1 -1 -1 -1 -1 -1 -1 -1 -1 -1 -1 -1 -1 -1 -1 -1 -1 -1 -1 -1 -1 -1 -1 77 -1 -1 -1 -1 -1 -1 -1 -1 -1 -1 -1 -1 -1 
-1 -1 -1 -1 -1 -1 -1 -1 -1 -1 -1 -1 -1 -1 -1 -1 -1 -1 -1 -1 -1 -1 -1 -1 -1 -1 -1 -1 -1 -1 -1 -1 -1 -1 -1 -1 73 -1 -1 -1 -1 -1 -1 -1 -1 -1 -1 -1 -1 -1 
-1 -1 -1 -1 -1 -1 -1 -1 -1 -1 -1 -1 -1 -1 -1 -1 -1 -1 -1 -1 -1 -1 -1 -1 -1 -1 -1 -1 -1 -1 -1 -1 -1 -1 -1 -1 25 -1 -1 -1 -1 -1 -1 -1 -1 -1 -1 -1 -1 -1 
-1 -1 -1 -1 -1 -1 -1 -1 -1 -1 -1 -1 -1 -1 -1 -1 -1 -1 -1 -1 -1 -1 -1 -1 -1 -1 -1 -1 -1 -1 -1 -1 -1 -1 -1 -1 -1 40 -1 -1 -1 -1 -1 -1 -1 -1 -1 -1 -1 -1 
-1 -1 -1 -1 -1 -1 -1 -1 -1 -1 -1 -1 -1 -1 -1 -1 -1 -1 -1 -1 -1 -1 -1 -1 -1 -1 -1 -1 -1 -1 -1 -1 -1 -1 -1 -1 -1 -1 117 58 15 5 48 53 28 36 -1 -1 -1 -1 
-1 -1 -1 -1 -1 -1 -1 -1 -1 -1 -1 -1 -1 -1 -1 -1 -1 -1 -1 -1 -1 -1 -1 -1 -1 -1 -1 -1 -1 -1 -1 -1 -1 -1 -1 -1 -1 -1 -1 -1 -1 -1 -1 -1 -1 -1 53 -1 -1 -1 
-1 -1 -1 -1 -1 -1 -1 -1 -1 -1 -1 -1 -1 -1 -1 -1 -1 -1 -1 -1 -1 -1 -1 -1 -1 -1 -1 -1 -1 -1 -1 -1 -1 -1 -1 -1 -1 -1 -1 -1 -1 -1 -1 -1 -1 -1 64 -1 -1 -1 
-1 -1 -1 -1 -1 -1 -1 -1 -1 -1 -1 -1 -1 -1 -1 -1 -1 -1 -1 -1 -1 -1 -1 -1 -1 -1 -1 -1 -1 -1 -1 -1 -1 -1 -1 -1 -1 -1 -1 -1 -1 -1 -1 -1 -1 -1 97 -1 -1 -1 
-1 -1 -1 -1 -1 -1 -1 -1 -1 -1 -1 -1 -1 -1 -1 -1 -1 -1 -1 -1 -1 -1 -1 -1 -1 -1 -1 -1 -1 -1 -1 -1 -1 -1 -1 -1 -1 -1 -1 -1 -1 -1 -1 -1 -1 -1 84 -1 -1 -1 
-1 -1 -1 -1 -1 -1 -1 -1 -1 -1 -1 -1 -1 -1 -1 -1 -1 -1 -1 -1 -1 -1 -1 -1 -1 -1 -1 -1 -1 -1 -1 -1 -1 -1 -1 -1 -1 -1 -1 -1 -1 -1 -1 -1 -1 -1 11 -1 -1 -1 
-1 -1 -1 -1 -1 -1 -1 -1 -1 -1 -1 -1 -1 -1 -1 -1 -1 -1 -1 -1 -1 -1 -1 -1 -1 -1 -1 -1 -1 -1 -1 -1 -1 -1 -1 -1 -1 -1 -1 -1 -1 -1 -1 -1 -1 -1 45 -1 -1 -1 
-1 -1 -1 -1 -1 -1 -1 -1 -1 -1 -1 -1 -1 -1 -1 -1 -1 -1 -1 -1 -1 -1 -1 -1 -1 -1 -1 -1 -1 -1 -1 -1 -1 -1 -1 -1 -1 -1 -1 -1 -1 -1 -1 -1 -1 -1 103 -1 -1 -1 
-1 -1 -1 -1 -1 -1 -1 -1 -1 -1 -1 -1 -1 -1 -1 -1 -1 -1 -1 -1 -1 -1 -1 -1 -1 -1 -1 -1 -1 -1 -1 -1 -1 -1 -1 -1 -1 -1 -1 -1 -1 -1 -1 -1 -1 -1 23 -1 -1 -1 
-1 -1 -1 -1 -1 -1 -1 -1 -1 -1 -1 -1 -1 -1 -1 -1 -1 -1 -1 -1 -1 -1 -1 -1 -1 -1 -1 -1 -1 -1 -1 -1 -1 -1 -1 -1 -1 -1 -1 -1 -1 -1 -1 -1 -1 -1 -1 6 -1 -1 
-1 -1 -1 -1 -1 -1 -1 -1 -1 -1 -1 -1 -1 -1 -1 -1 -1 -1 -1 -1 -1 -1 -1 -1 -1 -1 -1 -1 -1 -1 -1 -1 -1 -1 -1 -1 -1 -1 -1 -1 -1 -1 -1 -1 -1 -1 -1 -1 5 -1 
-1 -1 -1 -1 -1 -1 -1 -1 -1 -1 -1 -1 -1 -1 -1 -1 -1 -1 -1 -1 -1 -1 -1 -1 -1 -1 -1 -1 -1 -1 -1 -1 -1 -1 -1 -1 -1 -1 -1 -1 -1 -1 -1 -1 -1 -1 -1 -1 -1 107 
-1 -1 -1 -1 -1 -1 -1 -1 -1 -1 -1 -1 -1 -1 -1 -1 -1 -1 -1 -1 -1 -1 -1 -1 -1 -1 -1 -1 -1 -1 -1 -1 -1 -1 -1 -1 -1 -1 -1 -1 -1 -1 -1 -1 -1 -1 -1 -1 -1 -1 
