100 64
0.322 0.323 0.119 0.365 0.359 0.361 0.187 0.258 0.288 0.147 0.176 0.357 0.295 0.189 0.323 0.252 0.095 0.222 0.153 0.244 0.168 0.183 0.369 0.316 0.109 0.224 0.199 0.358 0.376 0.31 0.182 0.318 0.228 0.206 0.278 0.206 0.162 0.347 0.369 0.356 0.113 0.164 0.308 0.314 0.235 0.25 0.161 0.235 0.353 0.219 0.099 0.14 0.284 0.373 0.337 0.298 0.192 0.131 0.275 0.163 0.323 0.362 0.362 0.17 
0.058 0.06 0.062 0.037 0.043 0.057 0.058 0.051 0.049 0.042 0.063 0.038 0.032 0.036 0.063 0.046 0.057 0.069 0.054 0.059 0.059 0.03 0.045 0.037 0.043 0.044 0.047 0.053 0.044 0.065 0.065 0.033 0.056 0.058 0.04 0.03 0.045 0.03 0.052 0.066 0.044 0.046 0.035 0.047 0.053 0.068 0.065 0.039 0.069 0.051 0.07 0.059 0.051 0.044 0.067 0.064 0.06 0.045 0.048 0.033 0.039 0.045 0.036 0.068 
1.011 1.061 0.934 1.04 0.955 1.082 0.913 1.102 1.197 0.996 0.961 0.912 1.159 0.981 0.933 1.093 1.149 0.892 1.062 1.014 1.147 1.168 0.822 1.042 0.865 1.155 0.81 0.886 1.126 0.914 0.938 0.936 1.175 1.072 1.177 0.93 1.027 0.889 0.904 1.023 1.159 1.138 1.135 1.117 0.918 0.94 1.082 0.867 1.105 0.943 1.154 1.124 0.984 1.176 1.038 1.049 0.802 1.048 1.135 1.128 1.162 0.872 0.937 0.808 
2.628 2.742 2.679 2.772 2.966 2.587 2.627 2.929 2.893 2.929 2.717 2.854 2.933 2.859 2.646 2.888 3 2.645 2.781 2.701 2.828 2.85 2.97 2.51 2.641 2.647 2.827 2.634 2.851 2.979 2.612 2.725 2.967 2.792 2.743 2.933 2.879 2.616 2.607 2.518 2.544 2.825 2.872 2.977 2.93 2.764 2.61 2.675 2.909 2.891 2.622 2.983 2.987 2.592 2.993 2.627 2.739 2.82 2.507 2.836 2.544 2.62 2.808 2.511 
0.569 0.48 0.632 0.961 0.097 0.76 0.358 0.765 0.834 0.869 0.926 0.792 0.32 0.974 0.127 0.28 0.223 0.443 0.446 0.311 0.968 0.948 0.98 0.226 0.87 0.777 0.776 0.313 0.786 0.191 0.664 0.272 0.57 0.213 0.243 0.657 0.871 0.499 0.339 0.715 0.378 0.274 0.424 0.596 0.258 0.541 0.867 0.379 0.882 0.23 0.588 0.859 0.095 0.577 0.983 0.864 0.364 0.769 0.186 0.067 0.95 0.84 0.33 0.437 
1 1 1 1 1 1 1 1 1 1 1 1 1 1 1 1 1 1 1 1 1 1 1 1 1 1 1 1 1 1 1 1 1 1 1 1 1 1 1 1 1 1 1 1 1 1 1 1 1 1 1 1 1 1 1 1 1 1 1 1 1 1 1 1 
49 1 103 98 44 28 37 114 82 52 14 47 128 115 79 58 39 116 9 115 105 30 83 16 126 89 101 47 95 28 106 15 28 81 113 71 108 21 57 61 73 70 108 72 56 58 1 94 45 9 80 22 39 35 37 36 123 9 82 90 36 60 104 63 
12 88 6 119 109 62 51 53 3 30 124 58 88 124 23 4 5 102 25 43 8 62 78 3 70 32 92 106 91 67 40 102 27 45 92 7 106 14 59 108 44 54 37 3 49 59 6 53 33 31 95 40 92 45 42 33 76 5 10 38 72 50 11 98 
94 102 104 72 115 34 51 30 87 88 32 7 18 38 60 50 68 26 90 31 70 3 63 17 8 73 54 79 122 64 48 87 37 23 30 24 56 81 53 14 40 85 20 57 122 79 107 61 105 68 91 46 70 25 63 77 97 116 27 90 52 74 49 88 
96 78 111 23 30 36 36 69 120 56 126 113 6 104 45 110 43 7 28 112 31 90 61 128 77 87 89 128 33 9 88 128 87 70 23 116 105 58 57 96 113 54 80 119 29 124 100 71 2 127 54 33 88 114 32 37 73 120 36 105 1 123 104 87 
65 126 74 41 56 2 9 40 55 88 30 83 84 2 25 85 128 79 117 88 64 20 124 8 12 31 112 12 26 88 98 90 85 43 2 12 45 10 52 99 98 81 54 53 82 78 9 82 28 126 41 92 17 36 99 28 66 83 39 91 42 8 52 126 
51 54 10 95 63 61 65 32 13 118 84 95 68 93 48 95 90 88 58 106 123 29 6 60 111 44 23 24 52 74 21 102 127 30 68 62 90 4 93 103 122 49 69 61 13 116 27 102 75 85 79 69 113 84 128 95 128 22 118 51 96 10 24 94 
40 91 27 1 94 120 103 87 40 43 19 52 30 46 25 104 2 103 44 114 59 44 80 58 65 69 108 32 78 3 126 117 93 24 118 58 15 92 17 54 7 35 105 36 80 1 12 81 104 55 66 34 98 17 91 35 85 70 66 35 72 63 23 36 
87 12 93 101 104 109 27 110 16 3 17 95 4 28 48 107 83 113 12 52 2 102 86 86 43 24 120 114 86 15 21 44 26 113 17 1 94 43 110 109 45 127 75 48 26 122 26 108 107 37 32 108 10 117 65 52 12 57 37 98 71 57 13 96 
42 29 97 7 71 78 115 116 76 61 35 102 55 61 81 33 97 112 12 107 101 76 30 112 4 67 81 74 123 94 42 36 122 10 42 65 87 28 52 35 89 86 8 15 18 88 47 115 72 58 93 44 5 122 27 9 60 108 82 55 73 123 90 66 
4 4 2 91 31 53 125 119 11 4 5 28 91 51 14 34 108 106 77 113 100 104 121 31 83 74 85 27 69 47 92 72 50 94 34 80 18 30 71 28 33 75 56 124 126 69 29 105 47 106 89 18 81 81 48 35 27 5 61 95 51 24 38 100 
117 72 51 7 101 121 34 6 68 89 1 65 30 29 41 76 6 2 93 86 82 12 120 108 16 52 74 66 76 112 37 64 55 88 70 27 80 104 32 19 64 32 83 93 61 124 40 66 125 4 24 78 16 15 58 31 67 3 97 14 114 5 77 40 
92 19 67 44 122 98 62 57 2 17 22 62 12 61 127 8 65 22 85 80 37 14 110 103 17 78 116 2 83 64 42 46 82 108 89 75 77 23 4 78 39 25 11 50 85 10 57 21 31 13 100 67 27 82 41 43 31 28 44 113 92 85 31 45 
64 119 120 13 13 123 90 51 19 101 100 103 110 28 124 12 41 95 79 67 48 119 109 79 19 24 63 110 109 93 26 44 84 17 56 96 11 18 19 29 118 118 4 99 18 127 110 58 93 60 124 13 51 104 91 69 127 25 50 107 118 75 23 73 
92 78 40 102 95 58 3 84 48 6 54 65 4 36 122 96 95 117 108 17 92 70 85 90 95 6 69 84 81 91 28 44 40 67 17 7 125 19 90 44 24 16 108 27 51 101 123 17 89 102 34 52 44 118 13 10 124 81 93 76 43 120 119 83 
58 7 89 54 26 50 97 49 65 76 76 115 48 70 4 8 43 37 59 86 26 72 95 21 24 59 96 67 50 86 21 108 93 109 33 118 30 2 38 95 77 113 81 125 54 84 4 97 120 63 54 18 6 21 38 29 79 6 95 1 91 115 108 55 
95 12 44 125 13 82 91 90 66 43 86 120 127 89 88 118 23 13 7 28 33 45 57 112 50 23 112 12 10 91 67 104 102 110 100 115 63 62 76 1 105 33 120 103 121 79 92 16 91 99 43 124 15 99 107 64 122 90 75 3 52 13 106 25 
123 78 11 57 11 86 57 115 118 48 89 111 126 53 126 89 23 40 84 37 11 62 100 4 23 46 6 74 59 111 98 53 60 109 109 71 66 38 57 56 85 18 38 83 70 35 43 92 74 126 128 84 59 99 87 81 16 92 26 74 75 123 126 6 
103 107 76 41 16 5 96 100 22 5 54 91 39 96 54 112 93 53 68 23 23 26 103 38 118 128 112 64 123 109 69 97 87 17 9 102 21 104 74 42 108 127 4 18 95 57 2 59 109 69 82 3 94 56 40 83 56 23 18 50 4 87 18 90 
103 27 64 123 2 9 36 110 7 39 127 101 95 128 32 75 68 113 77 34 40 116 116 95 11 6 16 14 92 34 103 66 60 38 60 61 46 95 42 53 5 41 25 99 40 56 45 108 40 121 13 80 108 128 46 118 5 62 3 96 95 106 33 26 
15 92 86 61 58 128 113 62 40 9 32 79 65 76 58 104 68 70 55 48 70 101 37 74 34 40 42 128 17 74 25 31 38 110 91 95 109 75 29 20 84 60 99 20 8 28 123 75 98 50 122 39 22 31 112 55 70 25 54 86 99 78 116 8 
59 79 102 40 25 2 59 108 62 29 127 69 57 122 15 26 43 9 64 64 39 47 118 108 72 43 65 42 120 52 49 50 2 22 89 27 24 20 6 85 48 5 25 104 126 39 1 40 47 64 103 85 111 92 64 54 6 128 95 125 52 15 46 53 
36 7 79 59 26 85 15 73 89 39 49 86 78 49 125 124 113 99 81 95 62 16 20 67 16 114 63 67 128 108 119 35 114 70 94 11 26 108 84 114 19 4 71 96 52 67 91 36 37 43 2 98 59 21 36 74 6 98 12 5 77 2 40 63 
71 5 73 96 112 28 81 2 31 23 97 83 89 60 118 125 102 120 94 32 12 1 105 18 98 116 22 47 118 61 109 60 65 53 28 49 81 108 50 111 3 19 65 91 78 55 88 51 46 53 83 57 54 59 74 23 47 96 69 36 28 49 95 93 
102 122 13 54 102 62 36 104 80 101 66 29 27 25 80 72 78 34 128 3 92 74 25 10 41 94 45 68 14 12 32 115 5 44 40 106 106 76 81 57 48 19 86 74 43 37 17 120 70 16 122 33 89 19 43 1 112 87 69 125 98 100 112 103 
16 23 80 121 98 33 49 17 51 6 90 93 42 106 85 111 122 78 16 82 96 58 83 79 16 23 76 114 122 59 88 9 81 39 1 51 71 50 67 121 55 29 86 97 6 42 79 127 119 94 81 87 23 35 37 39 57 112 24 50 42 111 59 123 
21 59 45 92 108 111 84 35 11 41 3 17 82 81 15 73 47 95 31 69 1 67 107 57 51 2 107 92 112 37 86 5 95 2 96 75 113 51 109 123 92 111 11 45 63 26 117 109 120 19 50 121 86 28 49 8 30 27 99 13 63 57 17 30 
58 112 104 42 35 84 37 126 66 47 42 128 72 31 109 64 49 30 56 6 57 104 13 86 3 112 99 65 40 115 94 97 99 69 11 5 24 47 2 89 93 43 89 37 73 69 100 122 98 27 127 26 2 12 112 4 123 82 69 34 68 34 2 38 
103 12 42 126 58 43 87 23 86 47 59 30 115 30 23 84 56 22 109 57 33 92 61 27 45 1 60 113 34 61 22 8 73 64 6 2 106 92 24 63 10 82 93 124 111 115 79 38 8 59 95 40 23 27 66 67 27 125 51 60 58 73 68 2 
8 73 3 113 36 27 48 45 108 12 40 91 126 118 128 6 48 94 45 70 120 111 9 18 107 59 78 36 3 17 37 10 89 40 123 124 66 42 40 45 53 79 7 50 68 7 55 115 100 100 57 92 82 65 109 60 123 58 96 126 74 4 7 34 
43 1 29 108 42 68 25 94 18 31 16 85 37 70 72 9 41 128 100 122 64 80 54 58 10 21 55 83 24 62 117 67 62 17 46 104 85 70 69 102 101 84 59 9 26 2 17 66 1 116 60 64 68 113 121 77 5 48 31 28 109 19 94 42 
36 12 17 120 81 86 93 53 41 23 62 66 24 78 4 24 66 63 87 5 47 80 81 51 127 111 78 107 2 44 20 37 55 37 28 7 122 120 60 34 15 121 100 38 70 103 62 7 37 20 11 83 99 91 5 97 74 82 75 75 125 95 111 51 
3 10 58 124 1 117 29 15 109 128 53 50 102 114 57 10 5 67 92 104 30 96 72 103 50 19 49 46 113 31 97 115 40 26 110 40 14 10 55 122 10 107 43 111 92 99 121 96 38 84 71 67 52 15 41 101 33 89 18 17 119 114 3 30 
11 112 69 24 121 123 17 2 101 60 113 64 30 105 32 67 60 102 5 111 116 45 83 20 5 101 36 123 86 38 24 97 21 93 120 14 87 9 15 60 68 127 123 97 103 26 36 35 128 40 17 115 85 100 7 89 72 42 84 29 80 107 125 100 
71 117 113 30 125 128 89 64 126 83 32 101 109 67 7 108 107 23 94 63 122 100 23 65 14 106 94 93 85 90 64 27 78 49 56 74 48 16 9 45 99 41 17 79 107 23 58 85 46 23 19 39 123 42 104 8 19 69 100 103 30 35 2 108 
83 57 53 2 73 62 47 43 102 63 121 80 86 50 37 3 72 55 41 66 96 16 73 115 84 44 89 114 79 90 93 33 19 17 35 91 78 81 5 51 15 125 3 100 46 39 102 117 93 15 55 61 30 127 47 114 43 7 99 121 97 63 25 115 
79 59 77 29 11 81 79 26 77 81 125 122 119 99 110 84 113 36 16 14 35 62 127 77 68 97 69 36 31 93 22 110 24 98 10 34 50 88 59 126 41 56 119 31 26 101 114 10 8 1 23 42 62 22 118 2 118 58 37 21 23 59 2 46 
28 11 79 78 98 10 75 10 65 66 41 90 38 26 99 45 27 121 87 88 14 76 89 4 6 126 24 28 56 25 73 83 35 23 32 4 32 107 14 96 44 54 57 81 79 27 125 105 20 83 65 33 31 25 36 36 22 59 63 77 83 7 32 117 
29 63 121 61 41 6 28 84 59 85 36 9 111 33 114 2 115 50 35 17 74 70 52 96 1 114 44 83 120 75 72 21 10 64 81 50 69 108 6 127 64 41 7 47 73 120 48 60 41 82 76 115 24 128 82 24 113 125 106 105 72 49 125 81 
112 77 2 52 56 7 50 120 48 57 38 120 48 85 51 89 39 127 75 62 126 28 85 110 24 62 86 95 111 82 47 94 30 49 18 86 55 67 77 102 123 114 94 43 70 16 3 108 14 77 41 11 104 125 121 127 59 78 94 41 32 12 6 61 
60 23 18 115 90 94 88 84 79 53 126 21 69 128 128 82 76 41 93 51 37 85 50 95 34 15 7 65 26 13 126 86 35 15 72 124 109 31 80 59 84 77 79 24 77 79 105 24 119 69 75 27 25 124 122 59 10 128 123 35 12 120 120 47 
7 63 42 115 94 121 45 49 70 124 72 18 74 48 41 64 117 115 90 13 110 83 71 119 83 66 26 94 57 17 12 63 80 54 49 45 46 94 93 115 89 36 4 34 83 45 97 71 31 58 84 13 13 26 3 95 91 28 60 20 45 72 82 124 
125 3 40 42 96 4 29 56 39 32 89 121 76 57 64 107 114 19 119 126 44 121 92 7 21 24 26 65 95 107 60 91 109 99 4 76 102 32 3 12 64 91 4 11 19 67 117 5 85 107 2 1 100 94 7 120 117 32 56 83 10 115 45 119 
85 48 66 58 80 69 69 15 31 72 25 50 11 14 54 95 120 55 95 91 20 101 82 8 4 9 90 14 123 6 4 79 54 69 8 5 9 76 19 40 20 43 89 30 56 14 124 48 68 91 10 88 63 92 95 67 100 57 80 95 62 83 45 115 
23 53 119 32 128 9 71 19 52 31 48 107 44 44 26 111 6 36 70 68 127 37 6 98 93 85 64 26 39 109 13 62 33 3 93 32 12 35 51 63 65 98 41 108 13 67 90 18 102 32 86 100 68 91 69 32 48 5 57 86 113 69 19 17 
72 111 48 83 17 98 17 81 68 57 60 80 123 22 98 96 53 55 67 120 17 8 23 64 12 79 22 124 20 40 12 91 23 59 45 39 29 61 120 96 117 51 47 112 72 16 79 124 70 18 115 87 25 9 22 36 88 43 31 107 83 42 69 105 
100 113 15 128 45 6 95 33 57 14 16 128 29 95 124 99 112 110 57 8 119 78 43 78 121 73 56 75 114 124 51 85 108 65 85 24 71 51 56 127 64 72 126 93 38 121 63 21 103 119 28 93 68 70 42 60 14 97 6 127 92 56 83 71 
121 39 94 63 90 21 61 25 92 58 117 1 51 51 21 25 41 48 117 109 117 30 40 2 126 46 128 89 101 83 31 93 121 124 27 82 16 87 107 108 17 95 108 67 18 1 91 58 48 79 38 37 108 78 38 105 123 38 65 95 120 95 60 112 
90 86 66 105 45 44 84 61 10 64 127 27 64 89 85 111 39 122 19 18 71 57 122 65 94 58 32 85 24 91 68 113 48 5 89 92 48 45 24 58 108 22 84 43 110 40 25 20 34 44 37 104 100 30 41 65 87 72 21 110 34 88 94 81 
93 55 45 12 99 68 69 78 90 25 120 71 64 16 91 97 59 127 73 30 29 113 94 115 56 114 97 89 74 62 41 38 116 85 49 86 25 118 35 114 14 26 56 77 42 18 46 100 17 118 2 45 102 95 31 29 81 127 117 26 61 29 63 48 
114 111 6 10 100 40 123 113 66 50 62 107 68 107 78 84 96 79 128 69 46 30 97 126 29 85 23 89 113 85 8 98 67 13 107 39 53 101 23 118 23 84 96 90 62 45 45 29 124 44 97 41 73 65 38 101 21 60 61 6 16 69 103 82 
81 82 120 5 54 15 122 76 98 89 37 32 6 81 60 1 124 29 41 69 93 78 41 114 9 102 119 24 42 93 105 122 46 97 127 100 111 120 47 80 81 84 111 86 36 43 86 32 71 126 100 35 75 12 20 83 113 10 106 26 103 82 20 20 
50 18 119 32 9 38 112 89 121 94 46 28 8 3 59 78 128 30 113 74 42 4 28 26 14 5 52 116 87 71 7 8 88 126 40 96 35 23 57 27 116 102 54 124 105 113 73 104 14 57 50 55 61 77 81 74 82 4 61 40 74 67 47 33 
64 86 128 98 108 56 124 96 30 50 91 6 34 35 109 47 92 30 102 24 107 54 97 60 57 29 99 2 95 17 34 31 103 33 128 82 89 124 49 118 45 11 123 78 46 103 124 9 5 97 32 111 22 128 42 78 28 12 79 122 28 112 24 2 
17 24 84 105 19 4 94 63 15 88 12 60 62 7 68 66 104 99 48 125 98 89 75 125 100 25 118 128 9 14 1 25 37 84 1 55 88 94 117 102 53 128 33 114 6 100 52 109 70 99 106 39 60 52 35 31 76 24 30 84 37 31 108 73 
114 108 127 73 73 115 46 125 114 78 111 120 49 34 100 118 4 77 28 63 128 62 94 76 86 123 31 122 25 11 67 11 118 65 83 63 52 1 59 37 78 41 28 127 74 128 116 78 76 16 12 76 77 105 23 34 100 53 28 124 63 94 6 53 
30 89 115 81 89 45 118 38 86 17 36 31 16 24 108 92 39 120 39 115 96 61 21 67 113 48 63 48 13 68 100 42 28 86 123 116 2 112 26 87 128 61 118 16 84 97 107 122 88 17 109 56 77 1 122 61 48 56 108 60 124 79 101 23 
36 95 11 38 78 36 124 78 96 113 93 52 82 71 45 41 87 25 96 35 25 90 95 72 17 75 3 12 25 104 35 61 70 45 98 20 80 93 97 47 78 61 98 31 3 15 71 89 39 39 123 64 128 89 7 16 35 10 28 60 113 62 120 54 
106 89 73 57 53 41 103 2 101 73 32 103 87 103 63 125 13 57 60 12 18 67 27 52 76 54 111 60 115 102 113 92 62 58 20 115 98 123 116 71 67 20 45 25 122 108 21 6 36 81 17 53 19 43 105 94 97 87 25 83 61 9 47 122 
66 66 108 36 60 96 106 126 115 22 22 108 1 43 113 37 123 1 89 13 43 65 106 11 24 2 94 84 10 12 77 76 77 57 111 9 24 88 6 10 109 28 117 110 70 101 18 64 101 106 76 15 43 53 26 66 54 119 21 63 2 97 10 78 
25 120 86 48 79 92 57 60 119 45 41 60 17 58 123 117 35 70 4 77 122 29 14 47 19 34 109 20 3 119 97 27 110 55 75 61 18 3 120 8 48 32 67 64 89 61 53 123 2 56 72 123 84 85 41 102 119 21 121 121 11 89 19 121 
15 93 53 32 96 44 39 15 75 105 78 35 37 2 29 38 57 100 32 12 57 72 113 47 93 105 39 103 66 57 95 80 22 19 112 117 62 22 3 8 127 80 42 35 82 71 73 10 42 104 22 98 48 6 16 12 111 54 114 48 111 81 127 4 
99 110 120 33 4 122 40 2 73 82 36 26 24 108 36 65 84 57 35 3 62 50 14 44 104 127 91 86 79 90 89 50 71 80 82 74 73 121 75 17 74 111 43 97 90 78 34 45 6 68 47 67 117 60 111 92 59 73 49 9 34 9 58 105 
88 11 50 32 4 125 49 77 107 91 46 68 40 79 113 45 18 31 111 6 91 93 98 21 38 18 29 71 27 87 47 114 97 97 18 100 93 66 49 71 28 94 10 67 44 122 111 61 25 93 66 115 58 35 7 95 53 35 37 79 121 84 64 90 
52 81 61 16 18 109 86 45 74 95 111 117 89 93 49 113 58 115 99 115 21 105 81 73 11 117 23 4 72 87 93 123 39 25 10 57 6 95 101 79 62 84 68 22 48 116 6 105 102 104 91 123 80 43 67 90 32 90 93 103 48 57 98 86 
82 107 14 87 74 115 37 7 70 104 28 117 92 33 94 65 8 56 59 87 99 126 48 2 87 13 104 6 69 73 91 22 52 105 108 125 91 17 3 32 120 30 20 83 62 113 20 69 41 78 27 11 75 74 12 33 86 115 38 27 60 1 48 111 
105 28 107 67 44 109 98 35 10 117 118 71 102 9 11 14 86 37 24 33 110 35 65 68 21 103 94 80 103 13 62 79 40 40 17 83 20 114 118 29 102 107 99 75 115 109 88 72 17 111 104 127 17 41 66 38 15 31 117 117 43 51 67 83 
90 83 37 110 68 26 10 41 4 109 116 118 89 75 62 106 58 37 104 74 77 41 111 91 71 100 79 113 22 17 67 111 99 104 92 38 1 102 79 5 82 66 122 42 12 55 19 69 92 122 15 40 34 125 3 104 96 81 89 117 98 27 100 68 
2 63 106 3 36 56 7 117 121 128 31 4 55 49 73 18 43 87 57 76 83 59 52 51 12 12 39 109 38 10 48 40 73 25 42 108 80 48 97 72 47 127 76 101 47 20 118 89 106 47 37 60 105 88 110 116 99 21 96 8 30 16 47 102 
40 88 82 120 7 50 63 54 48 10 26 94 29 16 55 6 62 91 66 38 50 47 26 20 67 121 27 97 8 74 70 48 33 23 39 40 72 101 93 119 111 118 85 11 5 11 17 66 101 82 104 22 128 1 41 67 121 67 35 1 12 104 48 45 
127 86 84 70 58 48 61 40 37 17 51 42 27 67 107 127 20 82 20 19 82 60 85 75 126 119 75 10 95 122 54 93 79 9 34 8 56 94 48 92 110 98 5 8 36 112 6 55 65 25 73 19 84 30 93 82 20 39 91 114 32 16 78 110 
24 112 117 79 77 36 42 59 5 47 66 40 30 72 94 94 96 39 112 52 68 76 5 87 114 95 73 17 110 22 126 5 5 115 83 82 22 124 12 27 42 77 66 71 20 32 37 116 70 20 39 9 96 43 95 81 9 39 98 118 61 95 122 65 
81 76 18 103 71 29 1 113 106 66 55 125 97 91 112 38 111 22 46 78 64 13 30 72 51 127 61 111 94 54 48 46 1 65 20 72 94 20 56 71 86 110 67 54 73 51 92 55 72 9 4 8 21 33 79 72 32 12 54 125 65 101 42 66 
38 62 9 3 81 64 73 38 45 11 92 117 61 55 43 5 63 46 12 84 79 90 27 110 101 80 106 38 53 19 103 90 80 111 92 33 46 36 70 90 46 33 79 107 87 121 111 22 39 122 105 117 83 3 98 56 82 75 93 6 93 67 95 45 
49 58 77 94 93 18 55 11 51 5 117 9 126 99 30 36 92 6 24 46 8 121 101 90 67 65 95 31 3 62 75 51 119 23 16 84 41 71 94 91 75 82 99 72 52 1 107 15 6 2 60 14 122 33 103 60 97 69 91 100 2 37 22 121 
60 38 76 100 108 41 62 54 122 32 126 45 32 104 59 38 106 118 51 99 22 25 31 119 93 121 90 95 29 111 87 88 20 34 59 127 74 120 53 67 24 50 111 55 25 41 92 2 30 14 101 52 38 3 42 3 123 3 97 23 113 55 111 5 
88 41 3 33 33 55 99 56 104 81 110 1 121 74 2 22 87 102 73 125 104 114 127 98 116 95 121 101 21 103 105 108 15 107 12 47 34 110 102 9 62 84 9 54 29 11 75 115 112 20 111 88 5 109 57 121 75 49 93 95 23 69 74 38 
47 85 84 80 66 58 89 127 13 97 52 41 107 127 27 91 18 10 50 22 118 106 14 65 27 106 31 49 46 105 86 93 61 42 44 127 99 4 125 111 101 49 23 79 47 49 41 64 58 90 85 48 68 99 112 94 76 14 14 122 118 100 86 51 
13 1 49 111 5 45 93 105 93 115 55 11 35 96 74 93 57 31 12 124 1 123 89 76 8 103 69 126 74 26 48 86 27 96 68 31 12 32 7 105 18 61 115 52 28 61 16 85 91 27 80 91 21 41 38 29 15 107 26 88 4 73 45 30 
40 112 60 51 15 66 27 32 127 14 83 26 74 99 110 36 125 62 126 18 102 35 46 116 13 71 75 17 15 119 46 54 102 106 104 116 43 3 19 41 16 101 67 89 71 48 124 68 109 121 85 82 27 2 69 40 72 15 56 86 5 101 11 106 
78 114 93 121 116 111 33 3 84 99 91 26 19 86 93 127 78 49 81 105 50 21 16 121 36 71 78 40 43 88 18 121 74 110 113 61 93 17 64 48 116 26 73 6 112 38 4 61 86 84 37 8 105 52 128 12 122 78 51 37 37 68 29 110 
50 13 43 14 29 106 61 16 3 5 21 114 42 25 47 128 108 83 7 84 7 6 95 128 83 18 36 120 85 64 101 6 76 15 19 105 120 79 120 123 84 13 108 125 37 26 124 16 109 2 100 115 8 66 114 90 83 22 81 40 85 54 45 33 
68 64 9 60 14 128 54 97 12 33 94 48 59 89 64 39 91 35 25 98 100 10 59 55 31 12 94 116 65 10 20 4 73 28 63 87 27 116 55 39 21 20 86 79 109 21 117 71 55 13 40 27 22 98 81 53 109 46 40 45 55 59 49 128 
86 111 86 112 99 12 22 119 32 108 69 12 128 57 82 55 69 121 81 90 90 33 14 71 78 53 115 4 111 35 3 68 18 88 52 116 100 73 106 3 52 46 14 52 102 95 106 42 87 58 3 48 90 17 118 39 69 105 42 52 11 45 119 28 
4 42 15 103 115 120 105 38 37 118 89 10 84 66 51 42 123 54 90 84 70 79 122 10 55 36 61 66 80 52 93 83 93 108 58 79 99 34 117 8 24 77 17 107 15 68 21 9 121 110 93 62 60 86 71 115 121 4 52 72 55 16 27 19 
123 84 98 94 117 86 101 12 34 117 119 48 56 11 57 48 120 21 109 51 106 52 37 99 55 88 42 109 104 68 127 98 23 96 63 12 53 35 23 87 24 13 6 79 23 62 127 14 82 107 65 60 30 101 30 84 61 71 64 36 11 63 5 33 
30 68 44 83 102 67 41 125 79 46 76 102 108 74 115 61 52 51 120 82 24 21 37 84 92 101 119 102 35 123 6 64 62 50 18 36 116 58 32 66 104 107 39 83 52 26 15 104 76 7 57 99 27 93 54 118 65 44 91 99 39 97 35 100 
18 52 7 5 110 39 70 85 17 109 39 69 6 53 44 81 59 100 52 86 64 105 75 1 21 38 99 59 6 5 30 23 57 37 27 38 75 96 122 91 76 32 31 81 84 74 34 15 45 85 100 109 61 46 109 81 83 79 11 88 84 41 110 12 
77 8 49 23 104 42 113 51 73 16 4 28 89 37 42 6 121 13 114 53 59 94 6 13 44 16 101 127 56 82 10 4 90 58 26 65 99 11 115 43 26 118 71 114 26 112 119 18 125 104 71 55 69 76 67 113 91 39 111 19 121 121 22 82 
50 48 18 21 58 4 63 83 122 5 68 19 117 59 37 113 34 107 39 103 54 105 87 16 16 69 34 8 61 56 89 111 103 106 3 32 109 65 114 102 70 53 121 58 111 29 42 17 7 80 119 60 56 77 75 71 17 109 78 78 36 38 60 10 
15 62 41 124 126 26 97 67 78 89 124 61 117 37 77 123 116 67 54 44 15 1 114 31 109 64 108 16 101 39 25 116 100 65 111 98 90 79 36 39 40 32 99 28 68 47 23 56 113 76 99 127 76 84 30 56 19 9 71 120 48 95 107 19 
31 89 116 120 39 24 31 78 55 1 106 122 48 128 49 32 75 19 31 23 103 60 78 121 68 21 112 115 115 90 6 18 50 121 9 89 16 39 38 70 40 15 64 87 14 112 118 89 3 20 111 105 79 60 97 19 80 81 5 67 42 10 84 92 
3 92 52 18 3 89 88 42 104 23 128 117 6 117 77 8 9 59 112 87 119 81 105 70 33 110 8 74 119 91 37 121 55 88 11 57 49 98 98 24 120 97 12 125 85 89 5 93 19 116 52 9 68 28 79 100 9 86 46 128 49 82 120 103 
42 2 31 90 99 128 113 90 96 124 87 52 84 91 17 103 78 68 111 18 95 61 117 104 19 34 103 67 116 94 41 29 96 71 118 66 70 102 28 37 97 114 88 53 76 104 27 25 43 9 42 10 70 31 113 88 64 87 26 51 52 66 79 19 
8 68 85 77 41 112 113 10 97 72 62 44 48 88 68 90 96 110 99 37 12 83 124 75 41 21 126 93 86 76 111 93 16 67 41 56 50 25 65 18 97 126 61 16 85 1 105 53 110 76 89 121 30 85 67 71 105 64 35 63 12 17 27 27 
84 68 82 5 92 19 23 60 16 83 75 101 83 52 25 64 127 113 56 28 69 123 98 46 58 4 108 69 21 6 95 104 73 49 108 37 67 2 96 82 85 43 54 39 94 78 103 92 63 30 119 3 24 89 48 82 92 27 22 112 33 117 87 105 
37 67 13 103 68 109 56 24 23 110 63 116 59 37 79 121 66 69 124 90 29 43 43 121 70 64 104 102 52 63 78 88 1 91 62 68 71 118 92 93 99 26 80 29 62 30 22 127 98 17 88 127 59 2 119 128 66 94 101 117 28 51 77 28 
13 10 96 83 127 59 47 97 84 126 126 17 27 19 15 124 35 103 122 93 104 112 93 41 78 65 30 105 115 106 5 127 115 100 81 114 30 127 82 113 124 79 1 22 97 15 18 3 117 11 96 93 123 60 5 72 124 34 48 111 11 52 109 126 
23 62 111 52 60 64 36 56 15 36 77 111 51 94 114 39 105 81 3 99 12 8 42 7 41 89 117 52 13 98 49 35 31 31 87 90 94 122 17 108 30 94 91 80 59 76 118 35 28 121 5 39 128 46 45 40 7 34 91 19 3 11 53 33 
41 11 122 7 5 11 114 34 104 76 113 34 23 102 69 50 94 73 88 93 119 5 5 125 38 95 15 40 106 67 72 18 78 65 24 82 75 10 115 50 85 99 84 108 72 24 29 38 96 117 2 86 121 6 82 30 101 96 69 78 35 12 95 112 
76 119 65 23 128 51 72 84 21 27 63 92 50 92 1 18 80 3 103 72 8 57 101 108 24 41 57 58 52 24 41 127 14 105 21 13 27 93 96 47 119 31 11 41 122 11 58 73 13 32 16 21 88 116 128 112 28 57 41 79 80 82 77 93 
-1 -1 -1 -1 -1 -1 -1 -1 -1 -1 -1 -1 -1 -1 -1 -1 58 98 105 -1 -1 -1 -1 -1 -1 -1 -1 -1 -1 -1 -1 -1 -1 -1 -1 -1 -1 -1 -1 -1 -1 -1 -1 -1 -1 -1 -1 -1 -1 -1 85 -1 -1 -1 -1 62 -1 -1 -1 -1 -1 -1 -1 -1 -1 -1 -1 -1 -1 -1 -1 -1 -1 -1 72 -1 -1 -1 -1 -1 3 -1 -1 -1 -1 -1 -1 -1 -1 -1 -1 -1 -1 -1 -1 -1 -1 -1 -1 -1 
-1 -1 -1 -1 -1 -1 -1 -1 -1 -1 -1 -1 -1 -1 -1 -1 -1 -1 52 102 13 92 -1 -1 -1 -1 -1 -1 -1 -1 -1 -1 -1 95 -1 -1 -1 -1 -1 24 -1 -1 -1 -1 -1 -1 -1 -1 -1 -1 -1 -1 -1 -1 -1 -1 -1 -1 21 -1 -1 -1 -1 -1 -1 -1 -1 -1 -1 -1 -1 -1 -1 -1 -1 -1 -1 -1 -1 -1 -1 39 -1 -1 -1 -1 -1 -1 -1 -1 -1 -1 -1 -1 -1 -1 -1 -1 -1 -1 
-1 -1 -1 -1 -1 -1 -1 -1 -1 -1 -1 -1 -1 -1 -1 -1 -1 -1 -1 -1 -1 -1 36 53 54 56 12 -1 -1 -1 -1 -1 -1 -1 -1 -1 -1 -1 -1 -1 -1 -1 -1 -1 -1 -1 -1 -1 -1 -1 -1 -1 -1 -1 -1 -1 41 -1 -1 -1 -1 -1 -1 -1 -1 -1 -1 -1 -1 -1 -1 -1 -1 -1 -1 56 -1 -1 -1 -1 -1 -1 123 -1 -1 -1 -1 -1 -1 -1 -1 -1 -1 -1 -1 -1 -1 -1 -1 -1 
-1 -1 -1 -1 -1 -1 -1 -1 -1 -1 -1 -1 -1 -1 -1 -1 -1 -1 -1 -1 -1 -1 -1 -1 -1 -1 68 112 36 18 -1 -1 -1 -1 -1 -1 -1 -1 -1 -1 -1 -1 -1 -1 -1 -1 63 -1 -1 -1 -1 117 -1 -1 -1 -1 -1 -1 -1 -1 -1 -1 95 -1 -1 -1 -1 -1 -1 -1 -1 -1 -1 -1 -1 -1 27 -1 -1 -1 -1 -1 -1 46 -1 -1 -1 -1 -1 -1 -1 -1 -1 -1 -1 -1 -1 -1 -1 -1 
-1 -1 -1 -1 -1 -1 -1 -1 -1 -1 -1 -1 -1 -1 -1 -1 -1 -1 -1 -1 -1 -1 64 -1 -1 -1 -1 -1 -1 -1 3 2 125 -1 74 -1 -1 -1 -1 -1 -1 -1 -1 -1 -1 -1 -1 5 -1 -1 -1 -1 48 -1 -1 -1 -1 -1 -1 48 -1 -1 -1 -1 -1 -1 -1 -1 -1 -1 -1 -1 -1 -1 -1 -1 -1 -1 -1 -1 -1 -1 -1 -1 17 -1 -1 -1 -1 -1 -1 -1 -1 -1 -1 -1 -1 -1 -1 -1 
-1 -1 -1 -1 -1 -1 -1 -1 -1 -1 -1 -1 -1 -1 -1 -1 -1 -1 -1 -1 -1 -1 -1 -1 -1 -1 -1 -1 -1 -1 -1 -1 -1 12 14 40 32 53 76 -1 -1 -1 -1 -1 -1 -1 -1 -1 -1 -1 -1 -1 -1 -1 -1 -1 -1 -1 -1 -1 -1 -1 -1 84 -1 -1 -1 -1 -1 -1 106 -1 -1 -1 -1 -1 -1 -1 -1 -1 -1 -1 -1 -1 -1 3 -1 -1 -1 -1 -1 -1 -1 -1 -1 -1 -1 -1 -1 -1 
-1 -1 -1 -1 -1 -1 -1 -1 -1 -1 -1 -1 -1 -1 -1 -1 96 -1 -1 -1 -1 -1 -1 -1 -1 -1 -1 -1 -1 -1 19 -1 -1 -1 -1 -1 -1 -1 -1 58 90 86 41 125 -1 -1 -1 -1 -1 -1 -1 -1 -1 -1 -1 -1 -1 -1 -1 -1 -1 -1 -1 -1 104 -1 -1 -1 -1 -1 -1 -1 -1 -1 -1 -1 -1 -1 -1 -1 -1 -1 -1 -1 -1 -1 103 -1 -1 -1 -1 -1 -1 -1 -1 -1 -1 -1 -1 -1 
-1 -1 -1 -1 -1 -1 -1 -1 -1 -1 -1 -1 -1 -1 -1 -1 -1 -1 -1 -1 -1 -1 -1 113 -1 -1 -1 -1 -1 -1 -1 -1 -1 -1 -1 -1 -1 -1 -1 -1 -1 -1 -1 -1 70 1 -1 -1 -1 -1 -1 -1 -1 -1 -1 -1 -1 -1 -1 -1 31 -1 -1 -1 -1 -1 5 -1 -1 -1 -1 3 -1 -1 -1 -1 -1 -1 -1 -1 -1 -1 -1 -1 -1 -1 -1 32 -1 -1 -1 -1 -1 -1 -1 -1 -1 -1 -1 -1 
-1 -1 -1 -1 -1 -1 -1 -1 -1 -1 -1 -1 -1 -1 -1 -1 -1 -1 -1 -1 -1 -1 -1 -1 -1 -1 -1 -1 -1 -1 -1 -1 -1 -1 -1 -1 1 -1 -1 -1 -1 -1 -1 -1 -1 -1 77 36 48 124 -1 -1 -1 53 -1 -1 -1 -1 -1 -1 -1 -1 -1 -1 -1 -1 -1 -1 -1 -1 -1 -1 -1 -1 -1 -1 -1 59 -1 -1 -1 -1 -1 -1 -1 -1 -1 -1 9 -1 -1 -1 -1 -1 -1 -1 -1 -1 -1 -1 
-1 -1 -1 -1 -1 -1 -1 -1 -1 -1 -1 -1 -1 -1 -1 -1 -1 92 -1 -1 -1 -1 -1 -1 -1 -1 -1 -1 -1 -1 -1 91 -1 -1 -1 -1 -1 61 -1 -1 39 -1 -1 -1 -1 -1 -1 -1 -1 -1 46 39 42 13 57 -1 -1 -1 -1 -1 -1 -1 -1 -1 -1 99 -1 -1 -1 -1 -1 -1 -1 -1 -1 -1 -1 -1 -1 -1 -1 -1 -1 -1 -1 -1 -1 -1 -1 103 -1 -1 -1 -1 -1 -1 -1 -1 -1 -1 
-1 -1 -1 -1 -1 -1 -1 -1 -1 -1 -1 -1 -1 -1 -1 -1 -1 -1 -1 -1 -1 -1 -1 -1 -1 -1 -1 -1 14 -1 -1 -1 -1 -1 -1 -1 -1 -1 -1 -1 -1 -1 -1 -1 -1 -1 -1 -1 -1 -1 -1 -1 -1 -1 -1 12 99 117 -1 -1 -1 -1 -1 -1 -1 -1 -1 -1 -1 -1 -1 -1 -1 -1 -1 -1 -1 -1 -1 -1 -1 -1 -1 -1 -1 -1 -1 -1 -1 -1 114 -1 -1 -1 -1 -1 -1 -1 -1 -1 
-1 -1 -1 -1 -1 -1 -1 -1 -1 -1 -1 -1 -1 -1 -1 -1 -1 -1 -1 84 -1 -1 -1 -1 58 -1 -1 -1 -1 -1 -1 -1 -1 -1 -1 -1 -1 -1 -1 -1 -1 115 -1 -1 -1 -1 -1 -1 114 -1 -1 -1 -1 -1 -1 -1 -1 -1 62 117 17 62 -1 -1 -1 -1 -1 -1 -1 -1 -1 -1 65 -1 -1 -1 -1 -1 -1 -1 -1 -1 -1 -1 -1 -1 -1 -1 -1 -1 -1 53 -1 -1 -1 -1 -1 -1 -1 -1 
-1 -1 -1 -1 -1 -1 -1 -1 -1 -1 -1 -1 -1 -1 -1 -1 -1 -1 -1 -1 110 -1 -1 -1 -1 -1 -1 -1 -1 -1 -1 -1 -1 -1 -1 -1 -1 -1 -1 -1 -1 -1 -1 -1 -1 -1 -1 -1 -1 -1 -1 -1 -1 -1 -1 -1 -1 -1 -1 -1 -1 -1 60 105 40 69 -1 68 -1 -1 -1 -1 -1 -1 -1 -1 -1 -1 -1 -1 -1 -1 -1 -1 -1 -1 -1 -1 -1 -1 -1 -1 2 -1 -1 -1 -1 -1 -1 -1 
-1 -1 -1 -1 -1 -1 -1 -1 -1 -1 -1 -1 -1 -1 -1 -1 -1 -1 -1 -1 -1 1 -1 -1 -1 -1 -1 -1 -1 107 -1 -1 -1 -1 -1 -1 -1 -1 48 -1 -1 -1 39 -1 -1 -1 -1 -1 -1 -1 -1 -1 -1 -1 -1 -1 -1 -1 -1 -1 -1 20 -1 -1 -1 -1 60 95 118 34 -1 -1 -1 -1 -1 -1 -1 -1 -1 -1 -1 -1 -1 -1 -1 -1 -1 -1 -1 -1 -1 -1 -1 109 -1 -1 -1 -1 -1 -1 
-1 -1 -1 -1 -1 -1 -1 -1 -1 -1 -1 -1 -1 -1 -1 -1 -1 -1 -1 -1 -1 -1 -1 -1 -1 1 -1 -1 -1 -1 -1 -1 -1 -1 -1 -1 -1 -1 -1 -1 -1 -1 -1 -1 -1 5 -1 -1 -1 97 -1 -1 -1 -1 -1 -1 -1 -1 -1 -1 -1 -1 -1 -1 -1 -1 -1 -1 -1 -1 115 88 27 101 -1 -1 -1 -1 -1 -1 -1 -1 -1 -1 -1 -1 -1 -1 -1 -1 -1 -1 -1 -1 73 -1 -1 -1 -1 -1 
-1 -1 -1 -1 -1 -1 -1 -1 -1 -1 -1 -1 -1 -1 -1 -1 -1 -1 -1 -1 -1 -1 -1 -1 -1 -1 -1 -1 -1 -1 -1 -1 88 -1 -1 -1 -1 -1 -1 -1 -1 -1 -1 89 -1 -1 -1 -1 -1 -1 -1 -1 -1 -1 89 -1 -1 22 -1 -1 -1 -1 -1 -1 -1 -1 -1 -1 -1 26 -1 -1 -1 13 3 85 117 42 -1 -1 -1 -1 -1 -1 -1 -1 -1 -1 -1 -1 -1 -1 -1 -1 -1 25 -1 -1 -1 -1 
-1 -1 -1 -1 -1 -1 -1 -1 -1 -1 -1 -1 -1 -1 -1 -1 -1 -1 -1 -1 -1 -1 -1 -1 -1 -1 -1 -1 -1 -1 -1 -1 -1 -1 -1 -1 -1 -1 -1 -1 -1 -1 -1 -1 -1 -1 -1 -1 -1 -1 -1 -1 -1 -1 -1 -1 -1 -1 -1 -1 -1 -1 -1 -1 -1 -1 -1 -1 -1 -1 -1 -1 -1 -1 -1 -1 -1 -1 57 -1 -1 -1 -1 -1 -1 -1 -1 -1 -1 -1 -1 -1 -1 -1 -1 -1 -1 -1 -1 -1 
-1 -1 -1 -1 -1 -1 -1 -1 -1 -1 -1 -1 -1 -1 -1 -1 -1 -1 -1 -1 -1 -1 -1 -1 -1 -1 -1 -1 -1 -1 -1 -1 -1 -1 -1 -1 -1 -1 -1 -1 -1 -1 -1 -1 -1 -1 -1 -1 -1 -1 -1 -1 -1 -1 -1 -1 -1 -1 -1 -1 -1 -1 -1 -1 -1 -1 -1 -1 -1 -1 -1 -1 -1 -1 -1 -1 -1 -1 44 -1 -1 -1 -1 -1 -1 -1 -1 -1 -1 -1 -1 -1 -1 -1 -1 -1 -1 -1 -1 -1 
-1 -1 -1 -1 -1 -1 -1 -1 -1 -1 -1 -1 -1 -1 -1 -1 -1 -1 -1 -1 -1 -1 -1 -1 -1 -1 -1 -1 -1 -1 -1 -1 -1 -1 -1 -1 -1 -1 -1 -1 -1 -1 -1 -1 -1 -1 -1 -1 -1 -1 -1 -1 -1 -1 -1 -1 -1 -1 -1 -1 -1 -1 -1 -1 -1 -1 -1 -1 -1 -1 -1 -1 -1 -1 -1 -1 -1 -1 26 -1 -1 -1 -1 -1 -1 -1 -1 -1 -1 -1 -1 -1 -1 -1 -1 -1 -1 -1 -1 -1 
-1 -1 -1 -1 -1 -1 -1 -1 -1 -1 -1 -1 -1 -1 -1 -1 -1 -1 -1 -1 -1 -1 -1 -1 -1 -1 -1 -1 -1 -1 -1 -1 -1 -1 -1 -1 -1 -1 -1 -1 -1 -1 -1 -1 -1 -1 -1 -1 -1 -1 -1 -1 -1 -1 -1 -1 -1 -1 -1 -1 -1 -1 -1 -1 -1 -1 -1 -1 -1 -1 -1 -1 -1 -1 -1 -1 -1 -1 35 -1 -1 -1 -1 -1 -1 -1 -1 -1 -1 -1 -1 -1 -1 -1 -1 -1 -1 -1 -1 -1 
-1 -1 -1 -1 -1 -1 -1 -1 -1 -1 -1 -1 -1 -1 -1 -1 -1 -1 -1 -1 -1 -1 -1 -1 -1 -1 -1 -1 -1 -1 -1 -1 -1 -1 -1 -1 -1 -1 -1 -1 -1 -1 -1 -1 -1 -1 -1 -1 -1 -1 -1 -1 -1 -1 -1 -1 -1 -1 -1 -1 -1 -1 -1 -1 -1 -1 -1 -1 -1 -1 -1 -1 -1 -1 -1 -1 -1 -1 91 -1 -1 -1 -1 -1 -1 -1 -1 -1 -1 -1 -1 -1 -1 -1 -1 -1 -1 -1 -1 -1 
-1 -1 -1 -1 -1 -1 -1 -1 -1 -1 -1 -1 -1 -1 -1 -1 -1 -1 -1 -1 -1 -1 -1 -1 -1 -1 -1 -1 -1 -1 -1 -1 -1 -1 -1 -1 -1 -1 -1 -1 -1 -1 -1 -1 -1 -1 -1 -1 -1 -1 -1 -1 -1 -1 -1 -1 -1 -1 -1 -1 -1 -1 -1 -1 -1 -1 -1 -1 -1 -1 -1 -1 -1 -1 -1 -1 -1 -1 64 -1 -1 -1 -1 -1 -1 -1 -1 -1 -1 -1 -1 -1 -1 -1 -1 -1 -1 -1 -1 -1 
-1 -1 -1 -1 -1 -1 -1 -1 -1 -1 -1 -1 -1 -1 -1 -1 -1 -1 -1 -1 -1 -1 -1 -1 -1 -1 -1 -1 -1 -1 -1 -1 -1 -1 -1 -1 -1 -1 -1 -1 -1 -1 -1 -1 -1 -1 -1 -1 -1 -1 -1 -1 -1 -1 -1 -1 -1 -1 -1 -1 -1 -1 -1 -1 -1 -1 -1 -1 -1 -1 -1 -1 -1 -1 -1 -1 -1 -1 54 -1 -1 -1 -1 -1 -1 -1 -1 -1 -1 -1 -1 -1 -1 -1 -1 -1 -1 -1 -1 -1 
-1 -1 -1 -1 -1 -1 -1 -1 -1 -1 -1 -1 -1 -1 -1 -1 -1 -1 -1 -1 -1 -1 -1 -1 -1 -1 -1 -1 -1 -1 -1 -1 -1 -1 -1 -1 -1 -1 -1 -1 -1 -1 -1 -1 -1 -1 -1 -1 -1 -1 -1 -1 -1 -1 -1 -1 -1 -1 -1 -1 -1 -1 -1 -1 -1 -1 -1 -1 -1 -1 -1 -1 -1 -1 -1 -1 -1 -1 22 -1 -1 -1 -1 -1 -1 -1 -1 -1 -1 -1 -1 -1 -1 -1 -1 -1 -1 -1 -1 -1 
-1 -1 -1 -1 -1 -1 -1 -1 -1 -1 -1 -1 -1 -1 -1 -1 -1 -1 -1 -1 -1 -1 -1 -1 -1 -1 -1 -1 -1 -1 -1 -1 -1 -1 -1 -1 -1 -1 -1 -1 -1 -1 -1 -1 -1 -1 -1 -1 -1 -1 -1 -1 -1 -1 -1 -1 -1 -1 -1 -1 -1 -1 -1 -1 -1 -1 -1 -1 -1 -1 -1 -1 -1 -1 -1 -1 -1 -1 31 -1 -1 -1 -1 -1 -1 -1 -1 -1 -1 -1 -1 -1 -1 -1 -1 -1 -1 -1 -1 -1 
-1 -1 -1 -1 -1 -1 -1 -1 -1 -1 -1 -1 -1 -1 -1 -1 -1 -1 -1 -1 -1 -1 -1 -1 -1 -1 -1 -1 -1 -1 -1 -1 -1 -1 -1 -1 -1 -1 -1 -1 -1 -1 -1 -1 -1 -1 -1 -1 -1 -1 -1 -1 -1 -1 -1 -1 -1 -1 -1 -1 -1 -1 -1 -1 -1 -1 -1 -1 -1 -1 -1 -1 -1 -1 -1 -1 -1 -1 43 -1 -1 -1 -1 -1 -1 -1 -1 -1 -1 -1 -1 -1 -1 -1 -1 -1 -1 -1 -1 -1 
-1 -1 -1 -1 -1 -1 -1 -1 -1 -1 -1 -1 -1 -1 -1 -1 -1 -1 -1 -1 -1 -1 -1 -1 -1 -1 -1 -1 -1 -1 -1 -1 -1 -1 -1 -1 -1 -1 -1 -1 -1 -1 -1 -1 -1 -1 -1 -1 -1 -1 -1 -1 -1 -1 -1 -1 -1 -1 -1 -1 -1 -1 -1 -1 -1 -1 -1 -1 -1 -1 -1 -1 -1 -1 -1 -1 -1 -1 56 -1 -1 -1 -1 -1 -1 -1 -1 -1 -1 -1 -1 -1 -1 -1 -1 -1 -1 -1 -1 -1 
-1 -1 -1 -1 -1 -1 -1 -1 -1 -1 -1 -1 -1 -1 -1 -1 -1 -1 -1 -1 -1 -1 -1 -1 -1 -1 -1 -1 -1 -1 -1 -1 -1 -1 -1 -1 -1 -1 -1 -1 -1 -1 -1 -1 -1 -1 -1 -1 -1 -1 -1 -1 -1 -1 -1 -1 -1 -1 -1 -1 -1 -1 -1 -1 -1 -1 -1 -1 -1 -1 -1 -1 -1 -1 -1 -1 -1 -1 11 -1 -1 -1 -1 -1 -1 -1 -1 -1 -1 -1 -1 -1 -1 -1 -1 -1 -1 -1 -1 -1 
-1 -1 -1 -1 -1 -1 -1 -1 -1 -1 -1 -1 -1 -1 -1 -1 -1 -1 -1 -1 -1 -1 -1 -1 -1 -1 -1 -1 -1 -1 -1 -1 -1 -1 -1 -1 -1 -1 -1 -1 -1 -1 -1 -1 -1 -1 -1 -1 -1 -1 -1 -1 -1 -1 -1 -1 -1 -1 -1 -1 -1 -1 -1 -1 -1 -1 -1 -1 -1 -1 -1 -1 -1 -1 -1 -1 -1 -1 44 -1 -1 -1 -1 -1 -1 -1 -1 -1 -1 -1 -1 -1 -1 -1 -1 -1 -1 -1 -1 -1 
-1 -1 -1 -1 -1 -1 -1 -1 -1 -1 -1 -1 -1 -1 -1 -1 -1 -1 -1 -1 -1 -1 -1 -1 -1 -1 -1 -1 -1 -1 -1 -1 -1 -1 -1 -1 -1 -1 -1 -1 -1 -1 -1 -1 -1 -1 -1 -1 -1 -1 -1 -1 -1 -1 -1 -1 -1 -1 -1 -1 -1 -1 -1 -1 -1 -1 -1 -1 -1 -1 -1 -1 -1 -1 -1 -1 -1 -1 60 -1 -1 -1 -1 -1 -1 -1 -1 -1 -1 -1 -1 -1 -1 -1 -1 -1 -1 -1 -1 -1 
-1 -1 -1 -1 -1 -1 -1 -1 -1 -1 -1 -1 -1 -1 -1 -1 -1 -1 -1 -1 -1 -1 -1 -1 -1 -1 -1 -1 -1 -1 -1 -1 -1 -1 -1 -1 -1 -1 -1 -1 -1 -1 -1 -1 -1 -1 -1 -1 -1 -1 -1 -1 -1 -1 -1 -1 -1 -1 -1 -1 -1 -1 -1 -1 -1 -1 -1 -1 -1 -1 -1 -1 -1 -1 -1 -1 -1 -1 107 -1 -1 -1 -1 -1 -1 -1 -1 -1 -1 -1 -1 -1 -1 -1 -1 -1 -1 -1 -1 -1 
-1 -1 -1 -1 -1 -1 -1 -1 -1 -1 -1 -1 -1 -1 -1 -1 -1 -1 -1 -1 -1 -1 -1 -1 -1 -1 -1 -1 -1 -1 -1 -1 -1 -1 -1 -1 -1 -1 -1 -1 -1 -1 -1 -1 -1 -1 -1 -1 -1 -1 -1 -1 -1 -1 -1 -1 -1 -1 -1 -1 -1 -1 -1 -1 -1 -1 -1 -1 -1 -1 -1 -1 -1 -1 -1 -1 -1 -1 30 -1 -1 -1 -1 -1 -1 -1 -1 -1 -1 -1 -1 -1 -1 -1 -1 -1 -1 -1 -1 -1 
-1 -1 -1 -1 -1 -1 -1 -1 -1 -1 -1 -1 -1 -1 -1 -1 -1 -1 -1 -1 -1 -1 -1 -1 -1 -1 -1 -1 -1 -1 -1 -1 -1 -1 -1 -1 -1 -1 -1 -1 -1 -1 -1 -1 -1 -1 -1 -1 -1 -1 -1 -1 -1 -1 -1 -1 -1 -1 -1 -1 -1 -1 -1 -1 -1 -1 -1 -1 -1 -1 -1 -1 -1 -1 -1 -1 -1 -1 19 -1 -1 -1 -1 -1 -1 -1 -1 -1 -1 -1 -1 -1 -1 -1 -1 -1 -1 -1 -1 -1 
-1 -1 -1 -1 -1 -1 -1 -1 -1 -1 -1 -1 -1 -1 -1 -1 -1 -1 -1 -1 -1 -1 -1 -1 -1 -1 -1 -1 -1 -1 -1 -1 -1 -1 -1 -1 -1 -1 -1 -1 -1 -1 -1 -1 -1 -1 -1 -1 -1 -1 -1 -1 -1 -1 -1 -1 -1 -1 -1 -1 -1 -1 -1 -1 -1 -1 -1 -1 -1 -1 -1 -1 -1 -1 -1 -1 -1 -1 5 -1 -1 -1 -1 -1 -1 -1 -1 -1 -1 -1 -1 -1 -1 -1 -1 -1 -1 -1 -1 -1 
-1 -1 -1 -1 -1 -1 -1 -1 -1 -1 -1 -1 -1 -1 -1 -1 -1 -1 -1 -1 -1 -1 -1 -1 -1 -1 -1 -1 -1 -1 -1 -1 -1 -1 -1 -1 -1 -1 -1 -1 -1 -1 -1 -1 -1 -1 -1 -1 -1 -1 -1 -1 -1 -1 -1 -1 -1 -1 -1 -1 -1 -1 -1 -1 -1 -1 -1 -1 -1 -1 -1 -1 -1 -1 -1 -1 -1 -1 2 -1 -1 -1 -1 -1 -1 -1 -1 -1 -1 -1 -1 -1 -1 -1 -1 -1 -1 -1 -1 -1 
-1 -1 -1 -1 -1 -1 -1 -1 -1 -1 -1 -1 -1 -1 -1 -1 -1 -1 -1 -1 -1 -1 -1 -1 -1 -1 -1 -1 -1 -1 -1 -1 -1 -1 -1 -1 -1 -1 -1 -1 -1 -1 -1 -1 -1 -1 -1 -1 -1 -1 -1 -1 -1 -1 -1 -1 -1 -1 -1 -1 -1 -1 -1 -1 -1 -1 -1 -1 -1 -1 -1 -1 -1 -1 -1 -1 -1 -1 91 -1 -1 -1 -1 -1 -1 -1 -1 -1 -1 -1 -1 -1 -1 -1 -1 -1 -1 -1 -1 -1 
-1 -1 -1 -1 -1 -1 -1 -1 -1 -1 -1 -1 -1 -1 -1 -1 -1 -1 -1 -1 -1 -1 -1 -1 -1 -1 -1 -1 -1 -1 -1 -1 -1 -1 -1 -1 -1 -1 -1 -1 -1 -1 -1 -1 -1 -1 -1 -1 -1 -1 -1 -1 -1 -1 -1 -1 -1 -1 -1 -1 -1 -1 -1 -1 -1 -1 -1 -1 -1 -1 -1 -1 -1 -1 -1 -1 -1 -1 93 -1 -1 -1 -1 -1 -1 -1 -1 -1 -1 -1 -1 -1 -1 -1 -1 -1 -1 -1 -1 -1 
-1 -1 -1 -1 -1 -1 -1 -1 -1 -1 -1 -1 -1 -1 -1 -1 -1 -1 -1 -1 -1 -1 -1 -1 -1 -1 -1 -1 -1 -1 -1 -1 -1 -1 -1 -1 -1 -1 -1 -1 -1 -1 -1 -1 -1 -1 -1 -1 -1 -1 -1 -1 -1 -1 -1 -1 -1 -1 -1 -1 -1 -1 -1 -1 -1 -1 -1 -1 -1 -1 -1 -1 -1 -1 -1 -1 -1 -1 90 -1 -1 -1 -1 -1 -1 -1 -1 -1 -1 -1 -1 -1 -1 -1 -1 -1 -1 -1 -1 -1 
-1 -1 -1 -1 -1 -1 -1 -1 -1 -1 -1 -1 -1 -1 -1 -1 -1 -1 -1 -1 -1 -1 -1 -1 -1 -1 -1 -1 -1 -1 -1 -1 -1 -1 -1 -1 -1 -1 -1 -1 -1 -1 -1 -1 -1 -1 -1 -1 -1 -1 -1 -1 -1 -1 -1 -1 -1 -1 -1 -1 -1 -1 -1 -1 -1 -1 -1 -1 -1 -1 -1 -1 -1 -1 -1 -1 -1 -1 51 -1 -1 -1 -1 -1 -1 -1 -1 -1 -1 -1 -1 -1 -1 -1 -1 -1 -1 -1 -1 -1 
-1 -1 -1 -1 -1 -1 -1 -1 -1 -1 -1 -1 -1 -1 -1 -1 -1 -1 -1 -1 -1 -1 -1 -1 -1 -1 -1 -1 -1 -1 -1 -1 -1 -1 -1 -1 -1 -1 -1 -1 -1 -1 -1 -1 -1 -1 -1 -1 -1 -1 -1 -1 -1 -1 -1 -1 -1 -1 -1 -1 -1 -1 -1 -1 -1 -1 -1 -1 -1 -1 -1 -1 -1 -1 -1 -1 -1 -1 114 -1 -1 -1 -1 -1 -1 -1 -1 -1 -1 -1 -1 -1 -1 -1 -1 -1 -1 -1 -1 -1 
-1 -1 -1 -1 -1 -1 -1 -1 -1 -1 -1 -1 -1 -1 -1 -1 -1 -1 -1 -1 -1 -1 -1 -1 -1 -1 -1 -1 -1 -1 -1 -1 -1 -1 -1 -1 -1 -1 -1 -1 -1 -1 -1 -1 -1 -1 -1 -1 -1 -1 -1 -1 -1 -1 -1 -1 -1 -1 -1 -1 -1 -1 -1 -1 -1 -1 -1 -1 -1 -1 -1 -1 -1 -1 -1 -1 -1 -1 115 -1 -1 -1 -1 -1 -1 -1 -1 -1 -1 -1 -1 -1 -1 -1 -1 -1 -1 -1 -1 -1 
-1 -1 -1 -1 -1 -1 -1 -1 -1 -1 -1 -1 -1 -1 -1 -1 -1 -1 -1 -1 -1 -1 -1 -1 -1 -1 -1 -1 -1 -1 -1 -1 -1 -1 -1 -1 -1 -1 -1 -1 -1 -1 -1 -1 -1 -1 -1 -1 -1 -1 -1 -1 -1 -1 -1 -1 -1 -1 -1 -1 -1 -1 -1 -1 -1 -1 -1 -1 -1 -1 -1 -1 -1 -1 -1 -1 -1 -1 64 -1 -1 -1 -1 -1 -1 -1 -1 -1 -1 -1 -1 -1 -1 -1 -1 -1 -1 -1 -1 -1 
-1 -1 -1 -1 -1 -1 -1 -1 -1 -1 -1 -1 -1 -1 -1 -1 -1 -1 -1 -1 -1 -1 -1 -1 -1 -1 -1 -1 -1 -1 -1 -1 -1 -1 -1 -1 -1 -1 -1 -1 -1 -1 -1 -1 -1 -1 -1 -1 -1 -1 -1 -1 -1 -1 -1 -1 -1 -1 -1 -1 -1 -1 -1 -1 -1 -1 -1 -1 -1 -1 -1 -1 -1 -1 -1 -1 -1 -1 116 -1 -1 -1 -1 -1 -1 -1 -1 -1 -1 -1 -1 -1 -1 -1 -1 -1 -1 -1 -1 -1 
-1 -1 -1 -1 -1 -1 -1 -1 -1 -1 -1 -1 -1 -1 -1 -1 -1 -1 -1 -1 -1 -1 -1 -1 -1 -1 -1 -1 -1 -1 -1 -1 -1 -1 -1 -1 -1 -1 -1 -1 -1 -1 -1 -1 -1 -1 -1 -1 -1 -1 -1 -1 -1 -1 -1 -1 -1 -1 -1 -1 -1 -1 -1 -1 -1 -1 -1 -1 -1 -1 -1 -1 -1 -1 -1 -1 -1 -1 72 -1 -1 -1 -1 -1 -1 -1 -1 -1 -1 -1 -1 -1 -1 -1 -1 -1 -1 -1 -1 -1 
-1 -1 -1 -1 -1 -1 -1 -1 -1 -1 -1 -1 -1 -1 -1 -1 -1 -1 -1 -1 -1 -1 -1 -1 -1 -1 -1 -1 -1 -1 -1 -1 -1 -1 -1 -1 -1 -1 -1 -1 -1 -1 -1 -1 -1 -1 -1 -1 -1 -1 -1 -1 -1 -1 -1 -1 -1 -1 -1 -1 -1 -1 -1 -1 -1 -1 -1 -1 -1 -1 -1 -1 -1 -1 -1 -1 -1 -1 52 -1 -1 -1 -1 -1 -1 -1 -1 -1 -1 -1 -1 -1 -1 -1 -1 -1 -1 -1 -1 -1 
-1 -1 -1 -1 -1 -1 -1 -1 -1 -1 -1 -1 -1 -1 -1 -1 -1 -1 -1 -1 -1 -1 -1 -1 -1 -1 -1 -1 -1 -1 -1 -1 -1 -1 -1 -1 -1 -1 -1 -1 -1 -1 -1 -1 -1 -1 -1 -1 -1 -1 -1 -1 -1 -1 -1 -1 -1 -1 -1 -1 -1 -1 -1 -1 -1 -1 -1 -1 -1 -1 -1 -1 -1 -1 -1 -1 -1 -1 29 -1 -1 -1 -1 -1 -1 -1 -1 -1 -1 -1 -1 -1 -1 -1 -1 -1 -1 -1 -1 -1 
-1 -1 -1 -1 -1 -1 -1 -1 -1 -1 -1 -1 -1 -1 -1 -1 -1 -1 -1 -1 -1 -1 -1 -1 -1 -1 -1 -1 -1 -1 -1 -1 -1 -1 -1 -1 -1 -1 -1 -1 -1 -1 -1 -1 -1 -1 -1 -1 -1 -1 -1 -1 -1 -1 -1 -1 -1 -1 -1 -1 -1 -1 -1 -1 -1 -1 -1 -1 -1 -1 -1 -1 -1 -1 -1 -1 -1 -1 96 -1 -1 -1 -1 -1 -1 -1 -1 -1 -1 -1 -1 -1 -1 -1 -1 -1 -1 -1 -1 -1 
-1 -1 -1 -1 -1 -1 -1 -1 -1 -1 -1 -1 -1 -1 -1 -1 -1 -1 -1 -1 -1 -1 -1 -1 -1 -1 -1 -1 -1 -1 -1 -1 -1 -1 -1 -1 -1 -1 -1 -1 -1 -1 -1 -1 -1 -1 -1 -1 -1 -1 -1 -1 -1 -1 -1 -1 -1 -1 -1 -1 -1 -1 -1 -1 -1 -1 -1 -1 -1 -1 -1 -1 -1 -1 -1 -1 -1 -1 108 -1 -1 -1 -1 -1 -1 -1 -1 -1 -1 -1 -1 -1 -1 -1 -1 -1 -1 -1 -1 -1 
-1 -1 -1 -1 -1 -1 -1 -1 -1 -1 -1 -1 -1 -1 -1 -1 -1 -1 -1 -1 -1 -1 -1 -1 -1 -1 -1 -1 -1 -1 -1 -1 -1 -1 -1 -1 -1 -1 -1 -1 -1 -1 -1 -1 -1 -1 -1 -1 -1 -1 -1 -1 -1 -1 -1 -1 -1 -1 -1 -1 -1 -1 -1 -1 -1 -1 -1 -1 -1 -1 -1 -1 -1 -1 -1 -1 -1 -1 72 -1 -1 -1 -1 -1 -1 -1 -1 -1 -1 -1 -1 -1 -1 -1 -1 -1 -1 -1 -1 -1 
-1 -1 -1 -1 -1 -1 -1 -1 -1 -1 -1 -1 -1 -1 -1 -1 -1 -1 -1 -1 -1 -1 -1 -1 -1 -1 -1 -1 -1 -1 -1 -1 -1 -1 -1 -1 -1 -1 -1 -1 -1 -1 -1 -1 -1 -1 -1 -1 -1 -1 -1 -1 -1 -1 -1 -1 -1 -1 -1 -1 -1 -1 -1 -1 -1 -1 -1 -1 -1 -1 -1 -1 -1 -1 -1 -1 -1 -1 121 -1 -1 -1 -1 -1 -1 -1 -1 -1 -1 -1 -1 -1 -1 -1 -1 -1 -1 -1 -1 -1 
-1 -1 -1 -1 -1 -1 -1 -1 -1 -1 -1 -1 -1 -1 -1 -1 -1 -1 -1 -1 -1 -1 -1 -1 -1 -1 -1 -1 -1 -1 -1 -1 -1 -1 -1 -1 -1 -1 -1 -1 -1 -1 -1 -1 -1 -1 -1 -1 -1 -1 -1 -1 -1 -1 -1 -1 -1 -1 -1 -1 -1 -1 -1 -1 -1 -1 -1 -1 -1 -1 -1 -1 -1 -1 -1 -1 -1 -1 14 -1 -1 -1 -1 -1 -1 -1 -1 -1 -1 -1 -1 -1 -1 -1 -1 -1 -1 -1 -1 -1 
-1 -1 -1 -1 -1 -1 -1 -1 -1 -1 -1 -1 -1 -1 -1 -1 -1 -1 -1 -1 -1 -1 -1 -1 -1 -1 -1 -1 -1 -1 -1 -1 -1 -1 -1 -1 -1 -1 -1 -1 -1 -1 -1 -1 -1 -1 -1 -1 -1 -1 -1 -1 -1 -1 -1 -1 -1 -1 -1 -1 -1 -1 -1 -1 -1 -1 -1 -1 -1 -1 -1 -1 -1 -1 -1 -1 -1 -1 34 -1 -1 -1 -1 -1 -1 -1 -1 -1 -1 -1 -1 -1 -1 -1 -1 -1 -1 -1 -1 -1 
-1 -1 -1 -1 -1 -1 -1 -1 -1 -1 -1 -1 -1 -1 -1 -1 -1 -1 -1 -1 -1 -1 -1 -1 -1 -1 -1 -1 -1 -1 -1 -1 -1 -1 -1 -1 -1 -1 -1 -1 -1 -1 -1 -1 -1 -1 -1 -1 -1 -1 -1 -1 -1 -1 -1 -1 -1 -1 -1 -1 -1 -1 -1 -1 -1 -1 -1 -1 -1 -1 -1 -1 -1 -1 -1 -1 -1 -1 57 -1 -1 -1 -1 -1 -1 -1 -1 -1 -1 -1 -1 -1 -1 -1 -1 -1 -1 -1 -1 -1 
-1 -1 -1 -1 -1 -1 -1 -1 -1 -1 -1 -1 -1 -1 -1 -1 -1 -1 -1 -1 -1 -1 -1 -1 -1 -1 -1 -1 -1 -1 -1 -1 -1 -1 -1 -1 -1 -1 -1 -1 -1 -1 -1 -1 -1 -1 -1 -1 -1 -1 -1 -1 -1 -1 -1 -1 -1 -1 -1 -1 -1 -1 -1 -1 -1 -1 -1 -1 -1 -1 -1 -1 -1 -1 -1 -1 -1 -1 67 -1 -1 -1 -1 -1 -1 -1 -1 -1 -1 -1 -1 -1 -1 -1 -1 -1 -1 -1 -1 -1 
-1 -1 -1 -1 -1 -1 -1 -1 -1 -1 -1 -1 -1 -1 -1 -1 -1 -1 -1 -1 -1 -1 -1 -1 -1 -1 -1 -1 -1 -1 -1 -1 -1 -1 -1 -1 -1 -1 -1 -1 -1 -1 -1 -1 -1 -1 -1 -1 -1 -1 -1 -1 -1 -1 -1 -1 -1 -1 -1 -1 -1 -1 -1 -1 -1 -1 -1 -1 -1 -1 -1 -1 -1 -1 -1 -1 -1 -1 56 -1 -1 -1 -1 -1 -1 -1 -1 -1 -1 -1 -1 -1 -1 -1 -1 -1 -1 -1 -1 -1 
-1 -1 -1 -1 -1 -1 -1 -1 -1 -1 -1 -1 -1 -1 -1 -1 -1 -1 -1 -1 -1 -1 -1 -1 -1 -1 -1 -1 -1 -1 -1 -1 -1 -1 -1 -1 -1 -1 -1 -1 -1 -1 -1 -1 -1 -1 -1 -1 -1 -1 -1 -1 -1 -1 -1 -1 -1 -1 -1 -1 -1 -1 -1 -1 -1 -1 -1 -1 -1 -1 -1 -1 -1 -1 -1 -1 -1 -1 87 -1 -1 -1 -1 -1 -1 -1 -1 -1 -1 -1 -1 -1 -1 -1 -1 -1 -1 -1 -1 -1 
-1 -1 -1 -1 -1 -1 -1 -1 -1 -1 -1 -1 -1 -1 -1 -1 -1 -1 -1 -1 -1 -1 -1 -1 -1 -1 -1 -1 -1 -1 -1 -1 -1 -1 -1 -1 -1 -1 -1 -1 -1 -1 -1 -1 -1 -1 -1 -1 -1 -1 -1 -1 -1 -1 -1 -1 -1 -1 -1 -1 -1 -1 -1 -1 -1 -1 -1 -1 -1 -1 -1 -1 -1 -1 -1 -1 -1 -1 110 -1 -1 -1 -1 -1 -1 -1 -1 -1 -1 -1 -1 -1 -1 -1 -1 -1 -1 -1 -1 -1 
-1 -1 -1 -1 -1 -1 -1 -1 -1 -1 -1 -1 -1 -1 -1 -1 -1 -1 -1 -1 -1 -1 -1 -1 -1 -1 -1 -1 -1 -1 -1 -1 -1 -1 -1 -1 -1 -1 -1 -1 -1 -1 -1 -1 -1 -1 -1 -1 -1 -1 -1 -1 -1 -1 -1 -1 -1 -1 -1 -1 -1 -1 -1 -1 -1 -1 -1 -1 -1 -1 -1 -1 -1 -1 -1 -1 -1 -1 111 -1 -1 -1 -1 -1 -1 -1 -1 -1 -1 -1 -1 -1 -1 -1 -1 -1 -1 -1 -1 -1 
-1 -1 -1 -1 -1 -1 -1 -1 -1 -1 -1 -1 -1 -1 -1 -1 -1 -1 -1 -1 -1 -1 -1 -1 -1 -1 -1 -1 -1 -1 -1 -1 -1 -1 -1 -1 -1 -1 -1 -1 -1 -1 -1 -1 -1 -1 -1 -1 -1 -1 -1 -1 -1 -1 -1 -1 -1 -1 -1 -1 -1 -1 -1 -1 -1 -1 -1 -1 -1 -1 -1 -1 -1 -1 -1 -1 -1 -1 97 -1 -1 -1 -1 -1 -1 -1 -1 -1 -1 -1 -1 -1 -1 -1 -1 -1 -1 -1 -1 -1 
-1 -1 -1 -1 -1 -1 -1 -1 -1 -1 -1 -1 -1 -1 -1 -1 -1 -1 -1 -1 -1 -1 -1 -1 -1 -1 -1 -1 -1 -1 -1 -1 -1 -1 -1 -1 -1 -1 -1 -1 -1 -1 -1 -1 -1 -1 -1 -1 -1 -1 -1 -1 -1 -1 -1 -1 -1 -1 -1 -1 -1 -1 -1 -1 -1 -1 -1 -1 -1 -1 -1 -1 -1 -1 -1 -1 -1 -1 25 -1 -1 -1 -1 -1 -1 -1 -1 -1 -1 -1 -1 -1 -1 -1 -1 -1 -1 -1 -1 -1 
-1 -1 -1 -1 -1 -1 -1 -1 -1 -1 -1 -1 -1 -1 -1 -1 -1 -1 -1 -1 -1 -1 -1 -1 -1 -1 -1 -1 -1 -1 -1 -1 -1 -1 -1 -1 -1 -1 -1 -1 -1 -1 -1 -1 -1 -1 -1 -1 -1 -1 -1 -1 -1 -1 -1 -1 -1 -1 -1 -1 -1 -1 -1 -1 -1 -1 -1 -1 -1 -1 -1 -1 -1 -1 -1 -1 -1 -1 42 -1 -1 -1 -1 -1 -1 -1 -1 -1 -1 -1 -1 -1 -1 -1 -1 -1 -1 -1 -1 -1 
-1 -1 -1 -1 -1 -1 -1 -1 -1 -1 -1 -1 -1 -1 -1 -1 -1 -1 -1 -1 -1 -1 -1 -1 -1 -1 -1 -1 -1 -1 -1 -1 -1 -1 -1 -1 -1 -1 -1 -1 -1 -1 -1 -1 -1 -1 -1 -1 -1 -1 -1 -1 -1 -1 -1 -1 -1 -1 -1 -1 -1 -1 -1 -1 -1 -1 -1 -1 -1 -1 -1 -1 -1 -1 -1 -1 -1 -1 75 -1 -1 -1 -1 -1 -1 -1 -1 -1 -1 -1 -1 -1 -1 -1 -1 -1 -1 -1 -1 -1 
-1 -1 -1 -1 -1 -1 -1 -1 -1 -1 -1 -1 -1 -1 -1 -1 -1 -1 -1 -1 -1 -1 -1 -1 -1 -1 -1 -1 -1 -1 -1 -1 -1 -1 -1 -1 -1 -1 -1 -1 -1 -1 -1 -1 -1 -1 -1 -1 -1 -1 -1 -1 -1 -1 -1 -1 -1 -1 -1 -1 -1 -1 -1 -1 -1 -1 -1 -1 -1 -1 -1 -1 -1 -1 -1 -1 -1 -1 54 -1 -1 -1 -1 -1 -1 -1 -1 -1 -1 -1 -1 -1 -1 -1 -1 -1 -1 -1 -1 -1 
-1 -1 -1 -1 -1 -1 -1 -1 -1 -1 -1 -1 -1 -1 -1 -1 -1 -1 -1 -1 -1 -1 -1 -1 -1 -1 -1 -1 -1 -1 -1 -1 -1 -1 -1 -1 -1 -1 -1 -1 -1 -1 -1 -1 -1 -1 -1 -1 -1 -1 -1 -1 -1 -1 -1 -1 -1 -1 -1 -1 -1 -1 -1 -1 -1 -1 -1 -1 -1 -1 -1 -1 -1 -1 -1 -1 -1 -1 60 -1 -1 -1 -1 -1 -1 -1 -1 -1 -1 -1 -1 -1 -1 -1 -1 -1 -1 -1 -1 -1 
-1 -1 -1 -1 -1 -1 -1 -1 -1 -1 -1 -1 -1 -1 -1 -1 -1 -1 -1 -1 -1 -1 -1 -1 -1 -1 -1 -1 -1 -1 -1 -1 -1 -1 -1 -1 -1 -1 -1 -1 -1 -1 -1 -1 -1 -1 -1 -1 -1 -1 -1 -1 -1 -1 -1 -1 -1 -1 -1 -1 -1 -1 -1 -1 -1 -1 -1 -1 -1 -1 -1 -1 -1 -1 -1 -1 -1 -1 80 -1 -1 -1 -1 -1 -1 -1 -1 -1 -1 -1 -1 -1 -1 -1 -1 -1 -1 -1 -1 -1 
-1 -1 -1 -1 -1 -1 -1 -1 -1 -1 -1 -1 -1 -1 -1 -1 -1 -1 -1 -1 -1 -1 -1 -1 -1 -1 -1 -1 -1 -1 -1 -1 -1 -1 -1 -1 -1 -1 -1 -1 -1 -1 -1 -1 -1 -1 -1 -1 -1 -1 -1 -1 -1 -1 -1 -1 -1 -1 -1 -1 -1 -1 -1 -1 -1 -1 -1 -1 -1 -1 -1 -1 -1 -1 -1 -1 -1 -1 55 -1 -1 -1 -1 -1 -1 -1 -1 -1 -1 -1 -1 -1 -1 -1 -1 -1 -1 -1 -1 -1 
-1 -1 -1 -1 -1 -1 -1 -1 -1 -1 -1 -1 -1 -1 -1 -1 -1 -1 -1 -1 -1 -1 -1 -1 -1 -1 -1 -1 -1 -1 -1 -1 -1 -1 -1 -1 -1 -1 -1 -1 -1 -1 -1 -1 -1 -1 -1 -1 -1 -1 -1 -1 -1 -1 -1 -1 -1 -1 -1 -1 -1 -1 -1 -1 -1 -1 -1 -1 -1 -1 -1 -1 -1 -1 -1 -1 -1 -1 22 -1 -1 -1 -1 -1 -1 -1 -1 -1 -1 -1 -1 -1 -1 -1 -1 -1 -1 -1 -1 -1 
-1 -1 -1 -1 -1 -1 -1 -1 -1 -1 -1 -1 -1 -1 -1 -1 -1 -1 -1 -1 -1 -1 -1 -1 -1 -1 -1 -1 -1 -1 -1 -1 -1 -1 -1 -1 -1 -1 -1 -1 -1 -1 -1 -1 -1 -1 -1 -1 -1 -1 -1 -1 -1 -1 -1 -1 -1 -1 -1 -1 -1 -1 -1 -1 -1 -1 -1 -1 -1 -1 -1 -1 -1 -1 -1 -1 -1 -1 44 -1 -1 -1 -1 -1 -1 -1 -1 -1 -1 -1 -1 -1 -1 -1 -1 -1 -1 -1 -1 -1 
-1 -1 -1 -1 -1 -1 -1 -1 -1 -1 -1 -1 -1 -1 -1 -1 -1 -1 -1 -1 -1 -1 -1 -1 -1 -1 -1 -1 -1 -1 -1 -1 -1 -1 -1 -1 -1 -1 -1 -1 -1 -1 -1 -1 -1 -1 -1 -1 -1 -1 -1 -1 -1 -1 -1 -1 -1 -1 -1 -1 -1 -1 -1 -1 -1 -1 -1 -1 -1 -1 -1 -1 -1 -1 -1 -1 -1 -1 16 -1 -1 -1 -1 -1 -1 -1 -1 -1 -1 -1 -1 -1 -1 -1 -1 -1 -1 -1 -1 -1 
-1 -1 -1 -1 -1 -1 -1 -1 -1 -1 -1 -1 -1 -1 -1 -1 -1 -1 -1 -1 -1 -1 -1 -1 -1 -1 -1 -1 -1 -1 -1 -1 -1 -1 -1 -1 -1 -1 -1 -1 -1 -1 -1 -1 -1 -1 -1 -1 -1 -1 -1 -1 -1 -1 -1 -1 -1 -1 -1 -1 -1 -1 -1 -1 -1 -1 -1 -1 -1 -1 -1 -1 -1 -1 -1 -1 -1 -1 72 -1 -1 -1 -1 -1 -1 -1 -1 -1 -1 -1 -1 -1 -1 -1 -1 -1 -1 -1 -1 -1 
-1 -1 -1 -1 -1 -1 -1 -1 -1 -1 -1 -1 -1 -1 -1 -1 -1 -1 -1 -1 -1 -1 -1 -1 -1 -1 -1 -1 -1 -1 -1 -1 -1 -1 -1 -1 -1 -1 -1 -1 -1 -1 -1 -1 -1 -1 -1 -1 -1 -1 -1 -1 -1 -1 -1 -1 -1 -1 -1 -1 -1 -1 -1 -1 -1 -1 -1 -1 -1 -1 -1 -1 -1 -1 -1 -1 -1 -1 29 -1 -1 -1 -1 -1 -1 -1 -1 -1 -1 -1 -1 -1 -1 -1 -1 -1 -1 -1 -1 -1 
-1 -1 -1 -1 -1 -1 -1 -1 -1 -1 -1 -1 -1 -1 -1 -1 -1 -1 -1 -1 -1 -1 -1 -1 -1 -1 -1 -1 -1 -1 -1 -1 -1 -1 -1 -1 -1 -1 -1 -1 -1 -1 -1 -1 -1 -1 -1 -1 -1 -1 -1 -1 -1 -1 -1 -1 -1 -1 -1 -1 -1 -1 -1 -1 -1 -1 -1 -1 -1 -1 -1 -1 -1 -1 -1 -1 -1 -1 3 -1 -1 -1 -1 -1 -1 -1 -1 -1 -1 -1 -1 -1 -1 -1 -1 -1 -1 -1 -1 -1 
-1 -1 -1 -1 -1 -1 -1 -1 -1 -1 -1 -1 -1 -1 -1 -1 -1 -1 -1 -1 -1 -1 -1 -1 -1 -1 -1 -1 -1 -1 -1 -1 -1 -1 -1 -1 -1 -1 -1 -1 -1 -1 -1 -1 -1 -1 -1 -1 -1 -1 -1 -1 -1 -1 -1 -1 -1 -1 -1 -1 -1 -1 -1 -1 -1 -1 -1 -1 -1 -1 -1 -1 -1 -1 -1 -1 -1 -1 7 -1 -1 -1 -1 -1 -1 -1 -1 -1 -1 -1 -1 -1 -1 -1 -1 -1 -1 -1 -1 -1 
-1 -1 -1 -1 -1 -1 -1 -1 -1 -1 -1 -1 -1 -1 -1 -1 -1 -1 -1 -1 -1 -1 -1 -1 -1 -1 -1 -1 -1 -1 -1 -1 -1 -1 -1 -1 -1 -1 -1 -1 -1 -1 -1 -1 -1 -1 -1 -1 -1 -1 -1 -1 -1 -1 -1 -1 -1 -1 -1 -1 -1 -1 -1 -1 -1 -1 -1 -1 -1 -1 -1 -1 -1 -1 -1 -1 -1 -1 16 -1 -1 -1 -1 -1 -1 -1 -1 -1 -1 -1 -1 -1 -1 -1 -1 -1 -1 -1 -1 -1 
-1 -1 -1 -1 -1 -1 -1 -1 -1 -1 -1 -1 -1 -1 -1 -1 -1 -1 -1 -1 -1 -1 -1 -1 -1 -1 -1 -1 -1 -1 -1 -1 -1 -1 -1 -1 -1 -1 -1 -1 -1 -1 -1 -1 -1 -1 -1 -1 -1 -1 -1 -1 -1 -1 -1 -1 -1 -1 -1 -1 -1 -1 -1 -1 -1 -1 -1 -1 -1 -1 -1 -1 -1 -1 -1 -1 -1 -1 74 -1 -1 -1 -1 -1 -1 -1 -1 -1 -1 -1 -1 -1 -1 -1 -1 -1 -1 -1 -1 -1 
-1 -1 -1 -1 -1 -1 -1 -1 -1 -1 -1 -1 -1 -1 -1 -1 -1 -1 -1 -1 -1 -1 -1 -1 -1 -1 -1 -1 -1 -1 -1 -1 -1 -1 -1 -1 -1 -1 -1 -1 -1 -1 -1 -1 -1 -1 -1 -1 -1 -1 -1 -1 -1 -1 -1 -1 -1 -1 -1 -1 -1 -1 -1 -1 -1 -1 -1 -1 -1 -1 -1 -1 -1 -1 -1 -1 -1 -1 59 -1 -1 -1 -1 -1 -1 -1 -1 -1 -1 -1 -1 -1 -1 -1 -1 -1 -1 -1 -1 -1 
-1 -1 -1 -1 -1 -1 -1 -1 -1 -1 -1 -1 -1 -1 -1 -1 -1 -1 -1 -1 -1 -1 -1 -1 -1 -1 -1 -1 -1 -1 -1 -1 -1 -1 -1 -1 -1 -1 -1 -1 -1 -1 -1 -1 -1 -1 -1 -1 -1 -1 -1 -1 -1 -1 -1 -1 -1 -1 -1 -1 -1 -1 -1 -1 -1 -1 -1 -1 -1 -1 -1 -1 -1 -1 -1 -1 -1 -1 44 -1 -1 -1 -1 -1 -1 -1 -1 -1 -1 -1 -1 -1 -1 -1 -1 -1 -1 -1 -1 -1 
-1 -1 -1 -1 -1 -1 -1 -1 -1 -1 -1 -1 -1 -1 -1 -1 -1 -1 -1 -1 -1 -1 -1 -1 -1 -1 -1 -1 -1 -1 -1 -1 -1 -1 -1 -1 -1 -1 -1 -1 -1 -1 -1 -1 -1 -1 -1 -1 -1 -1 -1 -1 -1 -1 -1 -1 -1 -1 -1 -1 -1 -1 -1 -1 -1 -1 -1 -1 -1 -1 -1 -1 -1 -1 -1 -1 -1 -1 41 -1 -1 -1 -1 -1 -1 -1 -1 -1 -1 -1 -1 -1 -1 -1 -1 -1 -1 -1 -1 -1 
-1 -1 -1 -1 -1 -1 -1 -1 -1 -1 -1 -1 -1 -1 -1 -1 -1 -1 -1 -1 -1 -1 -1 -1 -1 -1 -1 -1 -1 -1 -1 -1 -1 -1 -1 -1 -1 -1 -1 -1 -1 -1 -1 -1 -1 -1 -1 -1 -1 -1 -1 -1 -1 -1 -1 -1 -1 -1 -1 -1 -1 -1 -1 -1 -1 -1 -1 -1 -1 -1 -1 -1 -1 -1 -1 -1 -1 -1 -1 38 -1 -1 -1 -1 -1 -1 -1 -1 -1 -1 -1 -1 -1 -1 -1 -1 -1 -1 -1 -1 
-1 -1 -1 -1 -1 -1 -1 -1 -1 -1 -1 -1 -1 -1 -1 -1 -1 -1 -1 -1 -1 -1 -1 -1 -1 -1 -1 -1 -1 -1 -1 -1 -1 -1 -1 -1 -1 -1 -1 -1 -1 -1 -1 -1 -1 -1 -1 -1 -1 -1 -1 -1 -1 -1 -1 -1 -1 -1 -1 -1 -1 -1 -1 -1 -1 -1 -1 -1 -1 -1 -1 -1 -1 -1 -1 -1 -1 -1 -1 -1 116 34 52 21 90 118 76 48 99 58 16 123 99 90 48 30 -1 -1 -1 -1 
-1 -1 -1 -1 -1 -1 -1 -1 -1 -1 -1 -1 -1 -1 -1 -1 -1 -1 -1 -1 -1 -1 -1 -1 -1 -1 -1 -1 -1 -1 -1 -1 -1 -1 -1 -1 -1 -1 -1 -1 -1 -1 -1 -1 -1 -1 -1 -1 -1 -1 -1 -1 -1 -1 -1 -1 -1 -1 -1 -1 -1 -1 -1 -1 -1 -1 -1 -1 -1 -1 -1 -1 -1 -1 -1 -1 -1 -1 -1 -1 -1 -1 -1 -1 -1 -1 -1 -1 -1 -1 -1 -1 -1 -1 -1 -1 41 -1 -1 -1 
-1 -1 -1 -1 -1 -1 -1 -1 -1 -1 -1 -1 -1 -1 -1 -1 -1 -1 -1 -1 -1 -1 -1 -1 -1 -1 -1 -1 -1 -1 -1 -1 -1 -1 -1 -1 -1 -1 -1 -1 -1 -1 -1 -1 -1 -1 -1 -1 -1 -1 -1 -1 -1 -1 -1 -1 -1 -1 -1 -1 -1 -1 -1 -1 -1 -1 -1 -1 -1 -1 -1 -1 -1 -1 -1 -1 -1 -1 -1 -1 -1 -1 -1 -1 -1 -1 -1 -1 -1 -1 -1 -1 -1 -1 -1 -1 102 -1 -1 -1 
-1 -1 -1 -1 -1 -1 -1 -1 -1 -1 -1 -1 -1 -1 -1 -1 -1 -1 -1 -1 -1 -1 -1 -1 -1 -1 -1 -1 -1 -1 -1 -1 -1 -1 -1 -1 -1 -1 -1 -1 -1 -1 -1 -1 -1 -1 -1 -1 -1 -1 -1 -1 -1 -1 -1 -1 -1 -1 -1 -1 -1 -1 -1 -1 -1 -1 -1 -1 -1 -1 -1 -1 -1 -1 -1 -1 -1 -1 -1 -1 -1 -1 -1 -1 -1 -1 -1 -1 -1 -1 -1 -1 -1 -1 -1 -1 51 -1 -1 -1 
-1 -1 -1 -1 -1 -1 -1 -1 -1 -1 -1 -1 -1 -1 -1 -1 -1 -1 -1 -1 -1 -1 -1 -1 -1 -1 -1 -1 -1 -1 -1 -1 -1 -1 -1 -1 -1 -1 -1 -1 -1 -1 -1 -1 -1 -1 -1 -1 -1 -1 -1 -1 -1 -1 -1 -1 -1 -1 -1 -1 -1 -1 -1 -1 -1 -1 -1 -1 -1 -1 -1 -1 -1 -1 -1 -1 -1 -1 -1 -1 -1 -1 -1 -1 -1 -1 -1 -1 -1 -1 -1 -1 -1 -1 -1 -1 84 -1 -1 -1 
-1 -1 -1 -1 -1 -1 -1 -1 -1 -1 -1 -1 -1 -1 -1 -1 -1 -1 -1 -1 -1 -1 -1 -1 -1 -1 -1 -1 -1 -1 -1 -1 -1 -1 -1 -1 -1 -1 -1 -1 -1 -1 -1 -1 -1 -1 -1 -1 -1 -1 -1 -1 -1 -1 -1 -1 -1 -1 -1 -1 -1 -1 -1 -1 -1 -1 -1 -1 -1 -1 -1 -1 -1 -1 -1 -1 -1 -1 -1 -1 -1 -1 -1 -1 -1 -1 -1 -1 -1 -1 -1 -1 -1 -1 -1 -1 118 -1 -1 -1 
-1 -1 -1 -1 -1 -1 -1 -1 -1 -1 -1 -1 -1 -1 -1 -1 -1 -1 -1 -1 -1 -1 -1 -1 -1 -1 -1 -1 -1 -1 -1 -1 -1 -1 -1 -1 -1 -1 -1 -1 -1 -1 -1 -1 -1 -1 -1 -1 -1 -1 -1 -1 -1 -1 -1 -1 -1 -1 -1 -1 -1 -1 -1 -1 -1 -1 -1 -1 -1 -1 -1 -1 -1 -1 -1 -1 -1 -1 -1 -1 -1 -1 -1 -1 -1 -1 -1 -1 -1 -1 -1 -1 -1 -1 -1 -1 123 -1 -1 -1 
-1 -1 -1 -1 -1 -1 -1 -1 -1 -1 -1 -1 -1 -1 -1 -1 -1 -1 -1 -1 -1 -1 -1 -1 -1 -1 -1 -1 -1 -1 -1 -1 -1 -1 -1 -1 -1 -1 -1 -1 -1 -1 -1 -1 -1 -1 -1 -1 -1 -1 -1 -1 -1 -1 -1 -1 -1 -1 -1 -1 -1 -1 -1 -1 -1 -1 -1 -1 -1 -1 -1 -1 -1 -1 -1 -1 -1 -1 -1 -1 -1 -1 -1 -1 -1 -1 -1 -1 -1 -1 -1 -1 -1 -1 -1 -1 112 -1 -1 -1 
-1 -1 -1 -1 -1 -1 -1 -1 -1 -1 -1 -1 -1 -1 -1 -1 -1 -1 -1 -1 -1 -1 -1 -1 -1 -1 -1 -1 -1 -1 -1 -1 -1 -1 -1 -1 -1 -1 -1 -1 -1 -1 -1 -1 -1 -1 -1 -1 -1 -1 -1 -1 -1 -1 -1 -1 -1 -1 -1 -1 -1 -1 -1 -1 -1 -1 -1 -1 -1 -1 -1 -1 -1 -1 -1 -1 -1 -1 -1 -1 -1 -1 -1 -1 -1 -1 -1 -1 -1 -1 -1 -1 -1 -1 -1 -1 120 -1 -1 -1 
-1 -1 -1 -1 -1 -1 -1 -1 -1 -1 -1 -1 -1 -1 -1 -1 -1 -1 -1 -1 -1 -1 -1 -1 -1 -1 -1 -1 -1 -1 -1 -1 -1 -1 -1 -1 -1 -1 -1 -1 -1 -1 -1 -1 -1 -1 -1 -1 -1 -1 -1 -1 -1 -1 -1 -1 -1 -1 -1 -1 -1 -1 -1 -1 -1 -1 -1 -1 -1 -1 -1 -1 -1 -1 -1 -1 -1 -1 -1 -1 -1 -1 -1 -1 -1 -1 -1 -1 -1 -1 -1 -1 -1 -1 -1 -1 1 -1 -1 -1 
-1 -1 -1 -1 -1 -1 -1 -1 -1 -1 -1 -1 -1 -1 -1 -1 -1 -1 -1 -1 -1 -1 -1 -1 -1 -1 -1 -1 -1 -1 -1 -1 -1 -1 -1 -1 -1 -1 -1 -1 -1 -1 -1 -1 -1 -1 -1 -1 -1 -1 -1 -1 -1 -1 -1 -1 -1 -1 -1 -1 -1 -1 -1 -1 -1 -1 -1 -1 -1 -1 -1 -1 -1 -1 -1 -1 -1 -1 -1 -1 -1 -1 -1 -1 -1 -1 -1 -1 -1 -1 -1 -1 -1 -1 -1 -1 127 -1 -1 -1 
-1 -1 -1 -1 -1 -1 -1 -1 -1 -1 -1 -1 -1 -1 -1 -1 -1 -1 -1 -1 -1 -1 -1 -1 -1 -1 -1 -1 -1 -1 -1 -1 -1 -1 -1 -1 -1 -1 -1 -1 -1 -1 -1 -1 -1 -1 -1 -1 -1 -1 -1 -1 -1 -1 -1 -1 -1 -1 -1 -1 -1 -1 -1 -1 -1 -1 -1 -1 -1 -1 -1 -1 -1 -1 -1 -1 -1 -1 -1 -1 -1 -1 -1 -1 -1 -1 -1 -1 -1 -1 -1 -1 -1 -1 -1 -1 65 -1 -1 -1 
-1 -1 -1 -1 -1 -1 -1 -1 -1 -1 -1 -1 -1 -1 -1 -1 -1 -1 -1 -1 -1 -1 -1 -1 -1 -1 -1 -1 -1 -1 -1 -1 -1 -1 -1 -1 -1 -1 -1 -1 -1 -1 -1 -1 -1 -1 -1 -1 -1 -1 -1 -1 -1 -1 -1 -1 -1 -1 -1 -1 -1 -1 -1 -1 -1 -1 -1 -1 -1 -1 -1 -1 -1 -1 -1 -1 -1 -1 -1 -1 -1 -1 -1 -1 -1 -1 -1 -1 -1 -1 -1 -1 -1 -1 -1 -1 59 -1 -1 -1 
-1 -1 -1 -1 -1 -1 -1 -1 -1 -1 -1 -1 -1 -1 -1 -1 -1 -1 -1 -1 -1 -1 -1 -1 -1 -1 -1 -1 -1 -1 -1 -1 -1 -1 -1 -1 -1 -1 -1 -1 -1 -1 -1 -1 -1 -1 -1 -1 -1 -1 -1 -1 -1 -1 -1 -1 -1 -1 -1 -1 -1 -1 -1 -1 -1 -1 -1 -1 -1 -1 -1 -1 -1 -1 -1 -1 -1 -1 -1 -1 -1 -1 -1 -1 -1 -1 -1 -1 -1 -1 -1 -1 -1 -1 -1 -1 43 -1 -1 -1 
-1 -1 -1 -1 -1 -1 -1 -1 -1 -1 -1 -1 -1 -1 -1 -1 -1 -1 -1 -1 -1 -1 -1 -1 -1 -1 -1 -1 -1 -1 -1 -1 -1 -1 -1 -1 -1 -1 -1 -1 -1 -1 -1 -1 -1 -1 -1 -1 -1 -1 -1 -1 -1 -1 -1 -1 -1 -1 -1 -1 -1 -1 -1 -1 -1 -1 -1 -1 -1 -1 -1 -1 -1 -1 -1 -1 -1 -1 -1 -1 -1 -1 -1 -1 -1 -1 -1 -1 -1 -1 -1 -1 -1 -1 -1 -1 105 -1 -1 -1 
-1 -1 -1 -1 -1 -1 -1 -1 -1 -1 -1 -1 -1 -1 -1 -1 -1 -1 -1 -1 -1 -1 -1 -1 -1 -1 -1 -1 -1 -1 -1 -1 -1 -1 -1 -1 -1 -1 -1 -1 -1 -1 -1 -1 -1 -1 -1 -1 -1 -1 -1 -1 -1 -1 -1 -1 -1 -1 -1 -1 -1 -1 -1 -1 -1 -1 -1 -1 -1 -1 -1 -1 -1 -1 -1 -1 -1 -1 -1 -1 -1 -1 -1 -1 -1 -1 -1 -1 -1 -1 -1 -1 -1 -1 -1 -1 97 -1 -1 -1 
-1 -1 -1 -1 -1 -1 -1 -1 -1 -1 -1 -1 -1 -1 -1 -1 -1 -1 -1 -1 -1 -1 -1 -1 -1 -1 -1 -1 -1 -1 -1 -1 -1 -1 -1 -1 -1 -1 -1 -1 -1 -1 -1 -1 -1 -1 -1 -1 -1 -1 -1 -1 -1 -1 -1 -1 -1 -1 -1 -1 -1 -1 -1 -1 -1 -1 -1 -1 -1 -1 -1 -1 -1 -1 -1 -1 -1 -1 -1 -1 -1 -1 -1 -1 -1 -1 -1 -1 -1 -1 -1 -1 -1 -1 -1 -1 30 -1 -1 -1 
-1 -1 -1 -1 -1 -1 -1 -1 -1 -1 -1 -1 -1 -1 -1 -1 -1 -1 -1 -1 -1 -1 -1 -1 -1 -1 -1 -1 -1 -1 -1 -1 -1 -1 -1 -1 -1 -1 -1 -1 -1 -1 -1 -1 -1 -1 -1 -1 -1 -1 -1 -1 -1 -1 -1 -1 -1 -1 -1 -1 -1 -1 -1 -1 -1 -1 -1 -1 -1 -1 -1 -1 -1 -1 -1 -1 -1 -1 -1 -1 -1 -1 -1 -1 -1 -1 -1 -1 -1 -1 -1 -1 -1 -1 -1 -1 -1 10 -1 -1 
-1 -1 -1 -1 -1 -1 -1 -1 -1 -1 -1 -1 -1 -1 -1 -1 -1 -1 -1 -1 -1 -1 -1 -1 -1 -1 -1 -1 -1 -1 -1 -1 -1 -1 -1 -1 -1 -1 -1 -1 -1 -1 -1 -1 -1 -1 -1 -1 -1 -1 -1 -1 -1 -1 -1 -1 -1 -1 -1 -1 -1 -1 -1 -1 -1 -1 -1 -1 -1 -1 -1 -1 -1 -1 -1 -1 -1 -1 -1 -1 -1 -1 -1 -1 -1 -1 -1 -1 -1 -1 -1 -1 -1 -1 -1 -1 -1 -1 20 -1 
-1 -1 -1 -1 -1 -1 -1 -1 -1 -1 -1 -1 -1 -1 -1 -1 -1 -1 -1 -1 -1 -1 -1 -1 -1 -1 -1 -1 -1 -1 -1 -1 -1 -1 -1 -1 -1 -1 -1 -1 -1 -1 -1 -1 -1 -1 -1 -1 -1 -1 -1 -1 -1 -1 -1 -1 -1 -1 -1 -1 -1 -1 -1 -1 -1 -1 -1 -1 -1 -1 -1 -1 -1 -1 -1 -1 -1 -1 -1 -1 -1 -1 -1 -1 -1 -1 -1 -1 -1 -1 -1 -1 -1 -1 -1 -1 -1 -1 -1 50 
-1 -1 -1 -1 -1 -1 -1 -1 -1 -1 -1 -1 -1 -1 -1 -1 -1 -1 -1 -1 -1 -1 -1 -1 -1 -1 -1 -1 -1 -1 -1 -1 -1 -1 -1 -1 -1 -1 -1 -1 -1 -1 -1 -1 -1 -1 -1 -1 -1 -1 -1 -1 -1 -1 -1 -1 -1 -1 -1 -1 -1 -1 -1 -1 -1 -1 -1 -1 -1 -1 -1 -1 -1 -1 -1 -1 -1 -1 -1 -1 -1 -1 -1 -1 -1 -1 -1 -1 -1 -1 -1 -1 -1 -1 -1 -1 -1 -1 -1 -1 
