100 64
73 24 10 66 52 93 33 39 3 40 26 43 1 94 73 64 67 111 29 95 19 15 45 112 77 24 51 85 91 5 2 35 28 11 100 79 103 4 118 105 43 15 19 44 108 92 107 46 74 7 12 93 21 57 76 98 80 126 54 42 2 55 76 29 
66 48 107 40 51 96 17 94 110 35 9 89 126 115 6 72 121 18 36 13 74 111 110 25 108 36 67 109 90 14 9 27 61 115 67 112 83 83 77 64 117 85 25 115 71 30 58 63 47 93 75 120 75 57 17 54 92 83 34 53 96 42 80 29 
28 18 12 110 100 88 46 88 44 70 74 114 99 3 48 18 95 122 9 41 50 25 94 13 107 127 66 75 40 17 103 68 34 114 49 5 73 94 92 116 35 38 101 6 40 20 23 7 13 31 47 63 56 13 75 34 11 12 108 51 28 82 118 61 
67 38 65 11 4 29 126 38 66 98 43 105 117 65 111 2 96 30 64 23 42 10 56 52 22 36 102 49 117 91 110 56 1 46 66 4 74 64 41 11 33 84 116 22 20 98 23 115 127 86 9 40 95 65 92 116 100 65 37 88 28 18 15 28 
63 81 31 9 16 71 19 48 26 6 69 46 104 91 32 102 48 41 14 15 105 105 2 76 41 38 35 68 55 50 95 118 2 125 126 17 68 16 64 93 22 5 10 125 95 42 98 15 82 111 29 58 87 30 5 128 68 39 67 122 88 34 111 89 
30 108 105 97 124 41 62 17 45 71 13 11 112 110 25 65 93 53 122 51 83 126 50 22 37 117 15 124 22 126 85 51 105 61 20 100 101 81 116 17 23 128 28 7 110 52 71 74 105 65 124 59 62 46 80 98 34 94 94 55 91 50 105 68 
110 124 39 83 76 27 99 99 26 126 105 7 50 47 80 26 111 76 84 45 121 35 14 26 128 107 80 91 28 56 30 10 52 68 92 127 94 62 97 120 60 73 126 109 120 78 6 102 25 89 18 17 123 32 42 122 10 121 84 38 48 113 47 99 
53 10 98 18 71 66 9 2 11 7 110 2 84 115 103 108 75 121 124 69 24 37 63 33 29 18 70 76 3 116 47 55 125 16 72 68 81 81 69 91 87 51 92 42 37 67 21 112 59 16 52 82 52 114 114 80 4 56 27 6 43 73 60 40 
88 3 107 41 83 47 3 41 97 95 82 6 33 102 117 91 117 40 44 40 26 29 119 29 84 18 34 127 90 93 38 50 95 16 90 50 62 92 90 31 58 44 36 90 17 24 52 6 63 95 45 88 124 36 116 79 53 21 77 14 113 114 63 80 
1 24 1 63 116 90 93 45 5 128 7 22 23 58 27 85 25 71 45 20 106 32 98 30 53 47 44 37 32 106 116 33 2 116 95 117 78 59 33 82 58 39 103 80 97 1 36 121 72 80 12 49 112 109 79 36 27 122 72 59 99 60 91 100 
47 57 88 124 115 121 78 44 31 52 123 127 53 30 119 124 110 2 44 93 111 122 128 9 115 71 67 86 2 29 57 49 85 17 44 71 9 121 114 39 45 108 38 97 10 28 92 119 30 7 83 12 1 82 20 115 24 87 72 26 115 1 74 72 
17 117 14 25 110 128 63 26 107 100 122 116 128 85 106 29 91 60 40 91 13 59 78 37 17 21 62 4 21 7 75 37 123 88 61 104 87 124 1 66 95 122 53 94 78 31 122 41 90 33 3 103 92 80 11 108 101 72 111 121 78 57 30 72 
17 90 48 103 85 48 40 52 42 93 17 119 123 11 31 84 43 34 58 6 113 68 114 85 11 96 78 88 25 107 32 41 68 79 15 25 126 55 76 39 19 92 30 13 102 60 96 17 93 26 22 78 93 7 34 104 103 111 63 127 89 94 39 29 
44 53 53 42 107 128 80 125 91 109 9 65 41 105 81 5 2 102 82 94 109 116 69 83 98 4 81 59 97 119 87 13 43 11 54 22 10 5 18 100 114 27 36 26 3 116 30 4 90 112 97 70 99 38 24 68 41 104 126 9 94 84 21 8 
94 74 29 103 79 47 75 64 73 110 89 75 98 118 78 59 101 46 128 71 83 23 11 123 126 8 4 91 92 24 98 57 98 127 32 48 45 106 111 117 87 71 63 56 60 12 114 33 57 113 103 12 7 113 6 4 121 9 94 84 33 64 12 2 
62 43 49 106 20 31 94 107 101 28 34 32 39 20 64 95 4 39 106 11 23 112 14 15 120 108 98 24 43 110 25 104 24 73 81 44 103 46 22 75 73 55 107 111 74 42 77 78 80 55 88 103 38 101 117 29 80 87 53 122 68 77 97 91 
22 49 6 124 94 27 71 38 82 49 20 27 90 97 104 42 23 63 16 60 36 4 88 115 90 12 109 29 89 77 120 110 126 125 105 91 24 47 1 105 95 20 3 57 116 107 98 10 41 113 69 76 116 29 63 78 40 43 106 128 119 97 109 116 
94 86 79 117 4 79 93 99 98 95 27 86 73 124 95 114 108 36 61 95 64 123 44 103 37 22 103 28 118 83 15 83 40 93 71 44 43 35 14 13 2 40 98 74 35 64 59 14 99 120 108 34 114 24 9 23 45 111 50 34 65 64 117 105 
29 59 20 71 94 33 83 95 72 52 40 106 116 99 119 86 90 98 120 75 121 128 97 37 110 18 71 46 82 59 22 110 117 41 52 82 73 7 48 16 58 88 121 45 58 111 3 19 81 122 93 73 121 62 110 102 79 52 19 32 110 41 13 98 
81 65 52 26 71 99 41 128 58 34 45 115 16 47 5 96 40 98 41 32 31 22 5 109 73 23 13 54 63 25 23 16 89 74 41 31 45 81 31 102 114 75 89 2 121 93 97 32 62 9 63 92 30 67 73 102 89 85 27 24 109 50 39 70 
123 79 100 39 31 2 13 17 76 101 18 68 65 114 99 127 123 33 90 24 99 34 126 60 118 24 83 99 73 121 40 68 71 11 106 101 13 118 117 88 90 6 28 27 120 126 25 114 31 114 9 1 20 6 60 9 30 14 107 102 6 18 41 76 
29 19 49 41 8 37 128 98 43 27 124 34 25 20 19 55 5 27 55 24 33 115 33 62 128 11 35 6 29 76 81 57 94 1 97 101 38 96 70 80 123 65 113 19 84 3 73 89 29 127 112 61 113 16 122 113 27 29 118 55 104 70 111 69 
71 79 41 108 46 111 59 40 47 43 58 3 45 2 91 73 1 74 6 113 90 127 97 116 27 86 42 2 28 24 70 98 102 111 77 19 93 7 59 11 49 116 13 93 118 103 37 118 49 42 102 10 41 71 125 67 28 38 69 55 61 10 24 34 
120 100 52 84 106 110 95 26 98 107 118 87 82 27 76 2 68 49 11 108 119 7 47 19 44 115 73 104 124 97 9 116 68 60 71 46 42 37 71 11 16 61 97 97 87 44 98 26 92 108 6 83 114 52 101 29 38 45 4 33 13 12 20 81 
71 91 126 112 127 68 122 14 128 90 110 86 5 79 112 97 58 117 51 43 40 23 71 77 67 74 109 80 85 1 32 28 91 29 11 89 96 5 103 96 94 84 53 99 35 36 67 92 24 117 7 63 11 77 11 77 23 120 28 107 120 59 6 82 
87 17 42 55 21 16 22 114 100 74 84 6 110 22 97 5 10 103 68 20 52 78 97 74 69 124 52 60 55 58 13 13 74 55 67 94 70 88 79 41 34 35 46 15 56 15 19 66 117 86 85 40 36 53 113 104 49 37 36 103 94 48 115 39 
102 54 4 44 13 82 84 46 116 2 60 44 16 79 109 4 36 65 44 71 118 28 47 38 64 82 12 29 1 126 67 103 51 70 18 64 24 101 109 11 102 41 54 117 119 34 121 26 99 36 97 88 63 15 125 127 96 8 27 96 5 94 70 56 
35 87 119 58 60 99 69 33 11 122 22 1 28 14 27 126 49 123 85 111 9 81 109 104 88 8 71 92 101 13 19 7 99 9 65 30 108 5 63 118 126 84 119 25 97 17 22 17 11 106 127 19 58 108 122 17 115 64 109 87 76 127 93 47 
8 29 76 115 33 10 104 31 93 94 55 61 110 77 77 120 54 76 10 112 55 3 128 41 67 108 127 14 107 91 60 114 120 8 100 24 17 75 54 110 41 109 42 22 57 119 14 110 66 23 93 120 26 93 32 92 72 30 105 50 120 37 35 111 
44 6 7 60 81 60 41 121 40 83 14 96 73 27 78 10 50 42 1 75 6 32 38 78 61 14 127 52 50 34 35 93 39 41 25 119 100 65 111 12 19 125 107 91 23 56 100 72 98 100 18 103 3 55 52 63 69 51 115 118 84 21 83 122 
61 107 113 32 43 95 43 62 91 22 24 114 77 124 57 46 95 75 21 98 1 72 32 69 122 18 59 77 38 13 71 98 119 55 2 33 21 44 94 112 65 118 97 14 113 25 59 79 99 79 48 100 23 80 40 16 97 98 93 7 110 35 104 100 
89 105 5 109 21 98 92 85 87 60 98 71 85 29 22 55 107 69 26 1 20 66 17 117 35 109 123 17 15 98 116 103 75 120 83 95 90 47 51 48 106 21 119 62 49 12 117 27 80 14 28 100 79 44 88 114 24 82 2 38 51 117 12 125 
109 94 91 70 12 14 117 118 34 107 51 82 118 39 108 70 53 7 41 3 50 128 116 73 81 117 110 3 106 121 128 86 87 90 27 98 103 15 87 8 122 10 89 111 48 69 52 100 75 92 103 125 91 90 69 43 79 51 46 56 43 45 13 1 
6 39 99 109 53 57 116 46 66 77 29 114 17 80 85 91 44 59 87 6 21 28 49 99 78 94 26 120 10 38 121 15 76 91 123 128 19 111 46 85 59 74 70 75 25 26 37 68 85 124 74 105 23 122 75 100 87 100 91 96 9 83 110 84 
45 105 83 64 87 128 20 17 73 89 91 98 114 127 37 70 122 110 46 16 103 120 115 61 91 78 28 99 32 10 54 77 114 9 12 72 8 31 88 81 119 50 50 104 48 86 46 42 68 91 57 42 83 44 103 45 121 2 16 24 11 69 100 124 
77 111 67 85 13 26 37 3 75 86 107 123 43 24 36 110 114 92 24 68 7 126 113 127 127 128 23 10 68 122 5 17 105 72 101 117 97 9 120 44 94 98 38 8 121 73 118 106 36 13 46 43 10 30 41 8 29 63 17 96 57 22 112 33 
93 84 21 61 92 12 104 57 109 13 65 101 85 54 79 121 66 124 35 75 25 75 82 53 10 99 20 66 120 4 98 84 87 118 16 51 2 120 107 110 4 43 83 89 96 33 81 33 28 115 107 52 61 61 104 70 31 123 7 22 126 104 105 85 
94 120 7 95 111 113 76 115 28 30 75 123 62 27 28 89 13 6 12 73 66 115 15 96 110 21 117 107 125 93 63 90 85 69 56 67 54 3 53 81 33 127 75 94 25 102 55 37 108 66 110 45 53 124 13 34 16 1 12 12 94 75 101 50 
15 28 116 68 31 41 20 63 39 95 28 64 68 82 100 47 20 81 92 72 76 104 105 92 104 116 103 69 62 76 118 77 103 106 16 5 18 36 67 56 2 95 119 69 48 91 116 67 43 79 10 119 54 114 82 29 102 56 98 35 3 87 111 106 
64 127 110 81 34 49 9 35 15 127 103 62 89 90 1 4 40 10 122 93 124 75 122 97 2 91 3 5 49 114 110 113 112 91 65 17 11 73 51 25 72 25 87 32 115 87 35 26 96 28 119 91 102 112 59 104 74 62 108 122 47 89 106 30 
51 43 46 62 115 96 86 58 120 44 90 106 2 124 4 98 24 122 60 125 105 119 100 50 52 79 43 98 39 21 127 90 63 44 23 49 11 108 107 2 24 68 108 25 63 111 122 86 104 54 83 80 44 54 1 95 5 43 64 43 63 62 4 125 
105 26 46 115 6 24 116 29 91 95 53 25 77 47 111 52 100 65 3 15 118 3 109 122 46 44 37 108 105 40 105 81 66 22 67 71 45 54 99 7 21 23 31 97 69 13 21 40 77 23 54 67 26 34 60 71 77 96 50 53 8 26 5 73 
47 71 15 91 125 113 97 17 7 128 113 76 12 5 115 89 28 41 27 53 74 86 123 23 54 44 75 61 70 80 5 116 22 19 79 18 3 47 34 9 46 19 84 58 23 71 18 50 111 44 102 56 1 96 78 54 12 25 114 81 104 118 68 125 
8 18 15 10 65 48 19 110 66 102 39 89 44 56 10 26 99 112 82 100 79 31 25 90 55 11 42 30 128 110 27 8 127 41 17 63 88 35 45 26 9 83 114 52 11 123 78 109 106 31 80 57 61 105 18 116 115 60 17 114 41 43 121 39 
83 10 102 43 44 18 68 52 100 53 104 110 47 53 91 25 83 42 81 15 18 98 2 4 29 19 118 69 61 110 108 16 119 81 58 35 98 125 86 69 49 61 51 95 113 13 119 67 54 71 82 72 41 83 75 69 101 64 10 34 46 117 49 36 
69 106 70 38 102 28 106 22 88 28 116 73 40 107 11 94 49 92 37 89 47 111 30 19 47 39 52 92 27 100 127 95 77 69 4 50 96 109 71 55 9 59 127 48 37 10 13 85 101 49 46 19 32 75 38 78 113 89 41 11 61 39 105 9 
107 108 59 74 88 1 1 96 59 127 16 95 8 28 52 109 77 97 127 108 43 36 57 27 125 97 37 57 7 13 65 114 120 123 59 79 124 59 47 54 58 62 21 65 89 72 45 37 40 44 16 82 79 72 108 75 40 16 3 47 28 68 32 19 
62 90 97 57 21 15 111 78 76 3 14 37 74 59 73 113 102 89 66 52 32 45 127 72 60 1 118 87 68 21 105 2 110 73 58 2 88 40 79 35 42 93 71 115 23 16 99 124 104 36 47 7 80 45 78 11 46 67 97 113 87 73 114 69 
18 44 70 105 83 21 11 125 113 82 111 7 97 82 2 72 117 48 78 69 93 28 79 10 94 48 122 53 120 108 121 9 23 62 113 105 82 124 101 66 77 84 72 45 37 73 116 25 121 65 93 85 92 44 94 58 91 87 110 82 66 102 91 88 
35 75 65 117 70 37 54 18 120 126 62 28 70 49 53 62 114 17 18 77 60 111 6 22 70 115 104 7 88 66 95 123 12 31 111 82 67 36 99 59 33 33 86 103 81 10 36 66 27 54 15 86 36 20 108 105 7 83 112 94 20 78 88 31 
108 70 112 46 106 83 104 10 115 62 112 67 71 20 5 97 73 19 55 108 38 34 85 44 116 68 10 7 17 97 37 124 39 21 41 16 103 17 25 89 78 9 27 20 28 31 117 100 49 43 79 87 76 35 2 63 102 11 69 118 108 105 113 18 
125 26 33 99 42 57 59 119 65 86 10 92 116 126 63 37 40 14 123 115 48 124 49 22 7 117 11 114 94 124 3 90 21 35 61 62 91 119 52 28 76 61 119 64 59 54 100 98 67 94 85 114 89 5 7 95 122 18 80 87 13 82 48 33 
116 108 94 79 99 17 106 46 77 96 109 7 21 80 105 87 45 61 73 6 65 79 100 58 96 52 16 108 5 64 12 121 43 105 71 13 121 48 59 70 15 39 76 36 119 52 122 35 112 66 40 49 17 12 106 112 63 122 92 67 57 103 59 99 
80 1 112 72 48 42 13 63 80 89 98 70 12 91 105 124 29 16 44 45 27 21 28 89 14 119 28 70 94 86 41 45 87 24 116 6 65 1 68 16 89 37 86 100 128 62 95 28 77 10 72 104 31 99 64 44 90 91 114 55 49 26 99 7 
49 86 12 113 86 80 128 46 116 85 18 115 18 112 14 95 122 85 70 24 56 5 67 17 96 52 71 16 77 41 22 125 126 33 109 84 112 109 1 100 65 18 86 83 2 100 49 123 56 118 18 111 122 84 127 89 8 69 104 84 109 125 81 107 
30 61 62 13 41 62 112 106 80 70 60 81 41 108 75 96 97 92 79 90 47 77 51 54 18 26 10 126 23 90 104 52 22 37 64 63 99 48 40 50 117 99 2 29 78 76 124 46 39 74 7 85 23 57 11 40 83 20 37 105 109 13 28 2 
49 91 64 19 10 103 68 126 73 69 26 22 16 22 67 54 95 74 11 117 2 21 28 84 40 65 60 20 77 87 21 125 50 85 16 59 59 83 57 4 24 82 25 39 103 92 93 70 37 103 58 38 123 86 122 34 22 53 53 98 12 73 94 61 
29 109 119 88 64 47 91 87 1 115 125 103 78 89 44 114 63 102 24 57 59 17 90 80 69 14 49 80 87 14 12 115 123 3 74 58 49 36 16 49 23 12 24 100 101 67 86 35 40 109 92 98 125 53 49 65 67 97 17 25 111 28 11 105 
30 85 34 79 120 49 127 14 60 22 114 32 89 71 67 128 51 30 98 47 82 18 111 20 115 127 44 97 27 55 73 56 11 106 6 2 26 5 16 85 26 1 117 114 71 55 114 121 84 83 39 37 100 21 57 86 20 100 54 46 26 126 101 36 
103 107 38 128 111 53 85 8 53 73 122 123 127 107 115 82 61 25 118 32 45 46 118 64 18 43 109 43 41 82 79 15 60 116 15 42 40 99 49 92 43 42 86 41 20 72 122 80 96 111 112 12 29 101 76 46 15 56 88 55 9 38 70 68 
25 84 109 64 54 30 27 96 71 112 8 91 55 1 42 22 111 25 34 11 125 109 56 12 36 16 66 45 53 7 112 78 90 93 13 15 122 40 110 64 23 117 26 78 117 68 99 100 92 4 110 89 112 38 100 20 53 37 64 105 44 47 54 5 
11 67 20 4 106 1 68 128 118 93 77 106 32 48 77 124 51 59 84 35 96 55 54 20 91 117 124 6 35 50 11 46 116 30 49 93 30 116 92 19 81 41 125 112 88 73 107 10 3 62 44 98 116 97 117 79 85 113 84 120 34 94 37 21 
123 85 113 25 73 76 43 25 116 39 8 75 112 115 85 114 48 128 84 36 97 72 114 53 56 69 44 89 35 80 109 29 37 93 53 109 41 96 5 28 6 12 103 117 126 59 103 46 58 58 81 26 1 66 79 57 6 122 17 40 74 126 69 110 
90 121 90 2 88 94 30 94 105 4 82 103 62 56 20 119 113 100 17 114 37 95 42 42 88 58 82 33 55 22 14 17 14 103 18 102 68 47 67 45 50 20 19 111 76 38 102 60 9 118 45 45 84 86 86 43 16 39 76 70 60 89 86 74 
64 104 47 3 22 113 47 72 4 65 54 79 102 27 11 110 16 55 26 99 13 112 14 28 22 89 97 82 49 55 27 112 30 73 115 51 57 33 122 60 98 48 11 71 74 21 53 90 75 78 60 87 61 73 114 83 33 83 36 82 9 62 65 38 
6 51 88 62 84 82 121 53 1 3 123 74 23 47 35 98 125 95 56 57 39 42 11 72 124 46 25 4 107 89 41 112 12 128 45 95 81 38 19 81 40 13 27 63 60 61 32 56 27 87 112 66 128 123 9 123 40 33 126 19 121 38 2 4 
38 47 98 118 84 116 71 123 1 97 57 60 29 88 115 56 47 98 121 46 92 1 41 4 33 38 22 25 76 23 29 113 69 126 102 24 114 44 19 114 12 75 45 41 35 31 96 81 128 88 126 92 88 38 95 120 76 116 16 23 10 44 7 79 
42 108 102 27 24 120 12 35 67 56 75 101 86 42 53 85 1 50 48 88 88 14 79 35 1 95 57 11 10 63 89 51 42 62 77 65 54 88 100 120 15 46 92 100 88 16 57 88 65 104 48 24 118 126 58 118 92 114 128 102 48 88 24 90 
22 101 26 75 60 125 66 75 43 29 46 2 44 102 89 108 78 8 4 67 6 61 56 97 47 56 70 94 15 94 55 36 66 81 110 125 77 47 71 119 75 117 120 118 90 81 98 39 88 101 105 93 33 33 62 79 88 3 45 102 96 99 10 33 
51 119 30 128 38 100 118 112 88 110 102 50 62 71 88 21 43 65 114 75 97 47 26 56 49 70 29 17 40 38 49 91 29 78 90 66 50 79 49 9 60 22 58 121 92 18 14 6 82 127 81 50 45 106 105 93 47 5 109 86 43 30 48 71 
107 9 8 28 88 56 37 19 78 94 12 41 111 25 47 64 23 127 113 67 104 89 31 22 94 12 107 8 41 27 78 19 35 85 47 122 12 83 13 89 48 24 2 31 48 48 94 70 46 79 8 21 39 38 42 4 49 20 11 89 46 88 108 81 
44 26 74 56 108 86 16 27 109 17 57 28 64 23 97 109 101 104 1 11 14 42 15 62 62 25 23 107 113 2 59 28 27 5 83 6 90 99 32 71 115 89 98 51 111 67 31 83 42 32 93 55 73 107 117 6 4 11 113 116 12 43 15 38 
47 98 43 9 68 74 79 54 34 48 104 16 114 7 98 28 38 63 82 110 41 70 116 44 80 100 31 91 14 46 128 61 15 42 69 82 116 19 7 21 66 111 37 52 117 6 79 26 68 32 7 109 102 122 24 53 93 55 16 107 100 15 39 114 
57 107 67 44 125 73 64 62 55 100 113 43 106 63 68 45 95 75 25 68 68 49 120 33 103 7 11 74 22 49 59 78 27 125 121 23 69 56 84 124 28 69 38 5 3 106 49 97 52 74 36 119 122 28 23 96 34 33 41 55 81 99 4 107 
95 124 1 35 52 85 30 79 25 68 83 27 45 3 124 96 76 31 86 69 58 109 36 92 13 76 18 94 46 22 72 12 17 73 47 68 29 76 18 53 15 100 79 59 103 74 26 50 105 112 119 34 92 26 125 104 102 15 69 19 36 13 31 52 
85 77 120 113 24 9 37 39 109 115 97 83 61 123 4 37 106 122 70 69 20 67 44 121 81 113 11 116 125 41 39 81 117 30 65 13 39 101 51 19 87 19 101 19 13 104 55 118 98 125 58 117 63 102 109 15 86 119 2 82 32 40 34 20 
70 98 32 108 70 82 126 28 101 98 47 113 73 101 103 42 97 32 30 31 5 10 45 90 1 46 43 32 86 76 51 27 45 83 6 114 36 3 14 8 100 60 121 44 32 95 86 1 126 115 31 3 125 76 92 125 121 7 28 78 82 78 104 127 
32 109 112 68 111 125 75 82 56 67 126 88 33 83 88 31 69 118 33 65 65 124 61 58 2 88 7 84 38 111 82 69 91 65 8 74 62 83 27 117 21 24 76 54 106 35 84 47 25 116 111 89 111 44 18 113 3 25 68 40 7 21 109 97 
85 116 42 18 70 69 7 91 92 82 16 70 117 99 116 13 86 98 101 68 13 119 52 16 15 119 55 21 11 35 117 96 23 31 113 92 99 119 54 62 73 69 3 61 39 118 73 124 88 45 64 100 35 115 115 49 106 42 69 116 76 58 83 98 
88 68 62 58 58 115 119 2 56 122 62 94 111 6 90 70 51 25 42 85 11 28 6 116 69 74 104 17 3 58 114 90 125 47 19 55 34 10 56 89 3 118 54 113 123 15 55 45 39 96 2 50 123 7 37 64 80 12 80 83 70 65 44 66 
112 63 120 17 72 48 105 74 37 30 58 31 45 112 76 83 79 77 4 74 83 41 9 34 52 88 116 121 24 32 59 7 94 50 23 37 97 127 110 5 29 39 36 73 23 111 27 101 59 31 46 13 71 54 46 122 13 34 115 37 65 45 43 30 
94 66 66 63 64 47 67 92 85 102 36 107 84 63 80 14 93 125 26 35 51 72 28 63 105 14 99 41 58 14 70 24 79 7 86 14 53 24 106 9 126 13 116 81 75 67 95 39 63 120 73 113 63 101 48 39 114 18 79 44 31 20 67 109 
26 24 123 78 47 100 87 44 112 74 125 59 12 91 97 74 82 42 59 17 14 106 55 127 123 6 42 26 25 108 6 51 3 128 128 50 99 86 93 83 31 89 13 42 51 109 116 5 22 46 21 35 23 75 34 17 80 75 42 105 55 48 27 57 
47 26 106 18 112 71 100 14 31 112 56 82 92 43 86 114 88 106 20 110 52 53 126 4 128 40 108 54 87 6 110 5 31 88 22 14 30 121 28 60 104 83 13 68 125 98 53 84 75 72 65 127 125 62 2 124 101 109 49 59 114 30 64 16 
117 85 30 18 78 57 78 53 11 90 120 7 60 44 90 6 116 26 4 112 87 5 107 60 113 27 118 98 56 53 114 45 10 15 62 87 71 11 11 81 101 3 87 32 46 48 37 33 73 41 16 31 45 122 90 30 20 80 127 76 4 112 120 13 
126 53 99 68 64 110 20 36 112 106 67 29 25 103 62 97 15 77 128 60 71 89 89 90 40 87 37 44 71 28 56 68 81 27 8 16 8 27 51 119 5 117 19 29 91 80 126 106 29 125 37 99 85 125 60 125 83 97 40 25 124 95 93 76 
121 100 91 128 126 13 118 2 1 9 31 92 88 28 69 116 24 105 86 108 101 18 104 55 114 15 80 109 110 44 57 102 15 19 102 12 32 91 14 32 99 44 123 59 71 63 46 94 39 4 73 11 21 49 66 6 63 17 114 44 60 42 18 74 
61 119 85 92 81 98 123 52 13 118 110 83 52 27 48 91 30 121 101 50 41 38 55 103 54 41 19 113 82 36 58 14 26 15 105 106 112 100 29 125 89 10 79 12 37 127 102 66 119 75 116 31 112 42 5 38 82 23 22 36 58 80 49 83 
94 26 61 77 125 89 73 85 99 24 96 7 22 70 72 12 16 59 42 127 101 46 36 54 69 58 89 126 9 10 81 102 35 13 50 31 101 123 115 71 18 82 77 39 23 21 50 38 79 91 37 51 8 72 105 76 1 65 74 9 74 26 110 108 
38 32 10 10 26 124 81 43 78 29 81 100 49 2 10 128 92 46 50 99 117 26 47 118 91 120 126 36 17 108 16 54 11 25 63 36 21 15 78 98 44 30 69 92 31 78 91 122 123 13 92 112 38 10 101 128 1 98 36 17 77 51 70 87 
75 5 122 95 19 71 64 62 100 5 26 2 82 116 123 77 128 87 60 38 96 32 37 97 1 72 113 78 122 55 36 69 59 30 35 77 100 99 11 72 103 36 73 56 23 68 4 23 26 63 60 121 94 96 89 95 40 74 44 33 128 79 101 58 
108 8 6 80 106 16 23 80 51 95 7 74 34 11 96 59 73 27 52 39 122 12 5 33 85 48 66 84 126 38 13 106 45 19 57 22 34 79 101 85 45 108 30 79 118 125 9 62 23 60 100 16 72 104 49 28 23 114 112 21 23 124 126 68 
14 54 89 48 4 62 4 48 41 33 126 30 29 7 91 51 66 63 66 9 38 114 37 61 99 20 81 122 15 78 61 29 3 21 76 6 82 79 53 122 111 51 23 11 57 114 61 122 48 126 3 85 112 39 17 82 58 97 75 72 46 7 100 48 
28 47 53 109 125 106 103 107 28 125 117 84 110 49 77 29 47 79 114 30 117 2 111 46 99 58 118 16 64 89 64 91 8 116 72 4 93 46 111 120 42 99 75 24 20 24 52 66 102 37 95 91 39 77 8 9 6 125 24 70 86 87 32 93 
75 103 96 39 20 78 31 62 49 105 85 68 128 8 5 102 45 99 64 83 47 71 91 53 68 114 122 25 73 25 117 19 128 84 57 19 34 87 80 82 64 36 21 63 44 25 36 88 123 99 42 41 42 4 93 109 117 86 5 61 111 121 79 110 
76 8 128 109 94 80 62 29 115 82 92 30 106 127 117 100 98 30 13 11 33 105 119 22 63 123 82 45 115 33 26 62 40 25 43 5 104 104 34 91 58 125 120 35 123 109 7 92 10 19 102 43 123 92 64 57 86 17 101 72 49 126 6 88 
23 48 93 126 23 126 88 80 122 80 115 116 60 121 80 69 11 53 111 5 17 46 62 102 63 34 46 111 32 51 71 54 98 35 51 120 32 11 72 25 90 58 12 21 50 91 89 60 16 72 64 32 117 125 5 51 31 50 34 62 100 104 115 69 
10 37 61 41 47 4 65 8 61 76 28 110 39 117 41 54 60 104 85 48 101 89 99 3 11 4 64 110 107 50 51 116 86 111 28 5 114 92 12 46 39 40 27 77 28 67 2 87 42 86 6 14 47 104 16 57 107 79 38 85 128 88 72 86 
70 99 90 55 62 101 100 101 12 126 49 39 64 51 125 106 8 3 119 54 106 7 110 85 85 20 41 85 107 113 42 49 83 3 103 17 103 75 117 115 72 37 25 8 87 22 113 95 24 103 20 1 109 2 85 66 21 126 22 127 110 63 47 64 
65 22 80 39 96 68 25 39 105 50 46 63 71 30 29 94 5 49 94 113 50 51 50 70 48 71 68 29 5 115 92 69 8 44 108 103 111 4 13 87 53 59 22 123 88 50 88 92 98 54 77 19 104 126 88 23 69 28 51 73 14 14 14 21 
-1 -1 -1 -1 -1 -1 -1 -1 -1 -1 -1 -1 -1 -1 -1 -1 57 121 123 40 124 7 -1 -1 -1 -1 -1 -1 -1 -1 -1 -1 -1 -1 -1 -1 -1 126 -1 -1 -1 -1 -1 -1 -1 -1 -1 -1 -1 -1 -1 -1 -1 49 -1 -1 -1 -1 -1 -1 -1 -1 -1 -1 -1 -1 65 -1 -1 -1 -1 -1 -1 -1 -1 -1 -1 -1 -1 -1 19 -1 -1 -1 -1 -1 -1 -1 -1 -1 -1 -1 -1 -1 -1 -1 -1 -1 -1 -1 
-1 -1 -1 -1 -1 -1 -1 -1 -1 -1 -1 -1 -1 -1 -1 -1 -1 -1 -1 -1 -1 43 25 69 3 116 38 -1 -1 -1 -1 -1 -1 -1 -1 -1 -1 -1 -1 -1 -1 -1 -1 56 -1 -1 -1 -1 -1 64 -1 -1 -1 -1 57 -1 -1 31 -1 -1 62 -1 -1 16 -1 -1 -1 -1 -1 -1 -1 -1 -1 -1 53 -1 -1 -1 -1 -1 -1 2 -1 -1 -1 -1 -1 -1 -1 -1 -1 -1 -1 -1 -1 -1 -1 -1 -1 -1 
-1 -1 -1 -1 -1 -1 -1 -1 -1 -1 -1 -1 -1 -1 -1 -1 -1 -1 -1 -1 -1 -1 43 -1 -1 -1 103 74 56 116 87 -1 -1 -1 -1 -1 -1 -1 -1 -1 -1 -1 -1 -1 76 -1 45 -1 -1 -1 -1 -1 -1 -1 -1 79 -1 -1 -1 -1 -1 -1 -1 -1 -1 -1 -1 -1 -1 -1 70 -1 -1 -1 -1 84 -1 -1 -1 -1 -1 -1 75 -1 -1 -1 -1 -1 -1 -1 -1 -1 -1 -1 -1 -1 -1 -1 -1 -1 
-1 -1 -1 -1 -1 -1 -1 -1 -1 -1 -1 -1 -1 -1 -1 -1 77 -1 -1 -1 -1 -1 -1 -1 -1 -1 -1 81 -1 -1 123 13 100 -1 -1 -1 -1 -1 -1 -1 -1 -1 -1 -1 -1 -1 -1 37 -1 -1 -1 -1 -1 -1 -1 -1 -1 -1 -1 -1 -1 -1 -1 -1 -1 -1 -1 -1 -1 -1 -1 -1 -1 -1 -1 -1 -1 -1 -1 -1 -1 -1 -1 37 -1 -1 -1 -1 -1 -1 -1 -1 -1 -1 -1 -1 -1 -1 -1 -1 
-1 -1 -1 -1 -1 -1 -1 -1 -1 -1 -1 -1 -1 -1 -1 -1 -1 -1 -1 -1 -1 -1 -1 40 -1 -1 -1 -1 -1 -1 -1 -1 -1 39 25 77 94 -1 88 -1 -1 -1 -1 -1 -1 5 -1 -1 -1 -1 124 -1 -1 -1 -1 -1 -1 -1 -1 -1 -1 -1 -1 -1 -1 -1 -1 -1 -1 -1 -1 21 -1 -1 -1 -1 -1 -1 -1 -1 -1 -1 -1 -1 21 -1 -1 -1 -1 -1 -1 -1 -1 -1 -1 -1 -1 -1 -1 -1 
-1 -1 -1 -1 -1 -1 -1 -1 -1 -1 -1 -1 -1 -1 -1 -1 -1 -1 -1 -1 -1 -1 -1 -1 -1 -1 -1 -1 -1 -1 -1 -1 -1 -1 -1 -1 -1 48 22 63 22 96 119 -1 -1 -1 -1 -1 -1 -1 -1 -1 -1 -1 -1 -1 10 -1 -1 -1 -1 -1 -1 -1 -1 -1 -1 -1 -1 -1 -1 -1 -1 -1 -1 -1 -1 -1 -1 -1 -1 -1 -1 -1 -1 54 -1 -1 -1 -1 -1 -1 -1 -1 -1 -1 -1 -1 -1 -1 
-1 -1 -1 -1 -1 -1 -1 -1 -1 -1 -1 -1 -1 -1 -1 -1 -1 66 -1 -1 -1 -1 -1 -1 -1 -1 -1 -1 -1 -1 -1 -1 -1 -1 -1 -1 -1 -1 -1 -1 -1 -1 -1 54 5 8 -1 -1 -1 -1 -1 -1 -1 -1 -1 -1 -1 -1 -1 -1 -1 -1 -1 -1 9 -1 -1 -1 -1 -1 -1 -1 -1 -1 -1 -1 -1 -1 -1 -1 -1 -1 -1 -1 -1 -1 79 -1 -1 -1 -1 -1 -1 -1 -1 -1 -1 -1 -1 -1 
-1 -1 -1 -1 -1 -1 -1 -1 -1 -1 -1 -1 -1 -1 -1 -1 -1 -1 84 -1 -1 -1 -1 -1 -1 -1 -1 -1 -1 -1 -1 -1 -1 -1 -1 -1 -1 -1 -1 -1 -1 -1 -1 -1 -1 -1 89 73 96 -1 -1 60 -1 -1 -1 -1 -1 -1 -1 -1 -1 109 -1 -1 -1 -1 -1 -1 -1 -1 -1 -1 -1 -1 -1 -1 -1 -1 -1 -1 -1 -1 -1 -1 -1 -1 -1 5 -1 -1 -1 -1 -1 -1 -1 -1 -1 -1 -1 -1 
-1 -1 -1 -1 -1 -1 -1 -1 -1 -1 -1 -1 -1 -1 -1 -1 -1 -1 -1 99 -1 -1 -1 -1 -1 -1 -1 -1 -1 -1 -1 20 -1 -1 -1 -1 -1 -1 -1 -1 -1 -1 -1 -1 -1 -1 -1 -1 -1 29 48 113 116 -1 -1 -1 -1 -1 -1 -1 -1 -1 -1 -1 -1 -1 -1 -1 -1 -1 -1 -1 -1 -1 -1 -1 -1 -1 -1 -1 -1 -1 -1 -1 -1 -1 -1 -1 52 -1 -1 -1 -1 -1 -1 -1 -1 -1 -1 -1 
-1 -1 -1 -1 -1 -1 -1 -1 -1 -1 -1 -1 -1 -1 -1 -1 -1 -1 -1 -1 -1 -1 -1 -1 -1 -1 -1 -1 109 -1 -1 -1 -1 -1 9 -1 -1 -1 -1 72 -1 -1 -1 -1 -1 -1 -1 -1 28 -1 -1 -1 -1 30 7 50 125 -1 125 -1 -1 -1 -1 -1 -1 59 -1 -1 -1 -1 -1 -1 -1 -1 -1 -1 -1 -1 -1 -1 -1 -1 -1 -1 -1 -1 -1 -1 -1 51 -1 -1 -1 -1 -1 -1 -1 -1 -1 -1 
-1 -1 -1 -1 -1 -1 -1 -1 -1 -1 -1 -1 -1 -1 -1 -1 -1 -1 -1 -1 -1 -1 -1 -1 -1 -1 -1 -1 -1 -1 -1 -1 -1 -1 -1 -1 -1 -1 -1 -1 -1 -1 -1 -1 -1 -1 -1 -1 -1 -1 -1 -1 -1 -1 -1 -1 -1 62 112 55 -1 -1 -1 -1 -1 -1 -1 -1 -1 -1 -1 -1 -1 -1 -1 -1 -1 -1 -1 -1 -1 -1 -1 -1 -1 -1 -1 -1 -1 -1 69 -1 -1 -1 -1 -1 -1 -1 -1 -1 
-1 -1 -1 -1 -1 -1 -1 -1 -1 -1 -1 -1 -1 -1 -1 -1 -1 -1 -1 -1 -1 -1 -1 -1 120 -1 -1 -1 -1 5 -1 -1 -1 -1 -1 -1 -1 -1 -1 -1 24 -1 -1 -1 -1 -1 -1 -1 -1 -1 -1 -1 -1 -1 -1 -1 -1 -1 -1 -1 80 77 120 -1 -1 -1 -1 12 -1 -1 -1 -1 -1 -1 -1 -1 -1 -1 -1 -1 -1 -1 -1 -1 -1 -1 -1 -1 -1 -1 -1 57 -1 -1 -1 -1 -1 -1 -1 -1 
-1 -1 -1 -1 -1 -1 -1 -1 -1 -1 -1 -1 -1 -1 -1 -1 -1 -1 -1 -1 124 -1 -1 -1 -1 -1 -1 -1 -1 -1 -1 -1 -1 -1 -1 110 -1 -1 -1 -1 -1 76 -1 -1 -1 -1 -1 -1 -1 -1 -1 -1 24 -1 -1 -1 -1 -1 -1 -1 -1 -1 -1 29 61 11 -1 -1 81 -1 -1 -1 -1 -1 -1 -1 41 -1 -1 -1 -1 -1 -1 -1 -1 -1 -1 -1 -1 -1 -1 -1 19 -1 -1 -1 -1 -1 -1 -1 
-1 -1 -1 -1 -1 -1 -1 -1 -1 -1 -1 -1 -1 -1 -1 -1 -1 -1 -1 -1 -1 -1 -1 -1 -1 -1 -1 -1 -1 -1 -1 -1 -1 -1 -1 -1 24 -1 -1 -1 -1 -1 -1 -1 -1 -1 -1 -1 -1 -1 -1 -1 -1 -1 -1 -1 -1 -1 -1 -1 -1 -1 68 -1 -1 -1 49 30 117 45 -1 -1 26 -1 -1 -1 -1 -1 -1 -1 -1 -1 -1 -1 -1 -1 -1 -1 -1 -1 -1 -1 -1 47 -1 -1 -1 -1 -1 -1 
-1 -1 -1 -1 -1 -1 -1 -1 -1 -1 -1 -1 -1 -1 -1 -1 -1 -1 -1 -1 -1 -1 -1 -1 -1 -1 -1 -1 -1 -1 -1 -1 -1 -1 -1 -1 -1 -1 -1 -1 -1 -1 -1 -1 -1 -1 -1 -1 -1 -1 -1 -1 -1 -1 -1 -1 -1 -1 -1 95 -1 -1 -1 -1 -1 -1 -1 -1 -1 -1 88 30 21 28 -1 -1 -1 -1 -1 -1 -1 -1 -1 -1 -1 -1 -1 -1 -1 -1 -1 -1 -1 -1 21 -1 -1 -1 -1 -1 
-1 -1 -1 -1 -1 -1 -1 -1 -1 -1 -1 -1 -1 -1 -1 -1 -1 -1 -1 -1 -1 -1 -1 -1 -1 25 -1 -1 -1 -1 -1 -1 52 -1 -1 -1 -1 -1 -1 -1 -1 -1 101 -1 -1 -1 -1 -1 -1 -1 -1 -1 -1 -1 -1 -1 -1 -1 -1 -1 -1 -1 -1 -1 -1 -1 -1 -1 -1 -1 -1 -1 -1 101 43 112 30 38 -1 -1 -1 -1 -1 -1 -1 -1 -1 -1 -1 -1 -1 -1 -1 -1 -1 93 -1 -1 -1 -1 
-1 -1 -1 -1 -1 -1 -1 -1 -1 -1 -1 -1 -1 -1 -1 -1 -1 -1 -1 -1 -1 -1 -1 -1 -1 -1 -1 -1 -1 -1 -1 -1 -1 -1 -1 -1 -1 -1 -1 -1 -1 -1 -1 -1 -1 -1 -1 -1 -1 -1 -1 -1 -1 -1 -1 -1 -1 -1 -1 -1 -1 -1 -1 -1 -1 -1 -1 -1 -1 -1 -1 -1 -1 -1 -1 -1 -1 -1 105 -1 -1 -1 -1 -1 -1 -1 -1 -1 -1 -1 -1 -1 -1 -1 -1 -1 -1 -1 -1 -1 
-1 -1 -1 -1 -1 -1 -1 -1 -1 -1 -1 -1 -1 -1 -1 -1 -1 -1 -1 -1 -1 -1 -1 -1 -1 -1 -1 -1 -1 -1 -1 -1 -1 -1 -1 -1 -1 -1 -1 -1 -1 -1 -1 -1 -1 -1 -1 -1 -1 -1 -1 -1 -1 -1 -1 -1 -1 -1 -1 -1 -1 -1 -1 -1 -1 -1 -1 -1 -1 -1 -1 -1 -1 -1 -1 -1 -1 -1 61 -1 -1 -1 -1 -1 -1 -1 -1 -1 -1 -1 -1 -1 -1 -1 -1 -1 -1 -1 -1 -1 
-1 -1 -1 -1 -1 -1 -1 -1 -1 -1 -1 -1 -1 -1 -1 -1 -1 -1 -1 -1 -1 -1 -1 -1 -1 -1 -1 -1 -1 -1 -1 -1 -1 -1 -1 -1 -1 -1 -1 -1 -1 -1 -1 -1 -1 -1 -1 -1 -1 -1 -1 -1 -1 -1 -1 -1 -1 -1 -1 -1 -1 -1 -1 -1 -1 -1 -1 -1 -1 -1 -1 -1 -1 -1 -1 -1 -1 -1 122 -1 -1 -1 -1 -1 -1 -1 -1 -1 -1 -1 -1 -1 -1 -1 -1 -1 -1 -1 -1 -1 
-1 -1 -1 -1 -1 -1 -1 -1 -1 -1 -1 -1 -1 -1 -1 -1 -1 -1 -1 -1 -1 -1 -1 -1 -1 -1 -1 -1 -1 -1 -1 -1 -1 -1 -1 -1 -1 -1 -1 -1 -1 -1 -1 -1 -1 -1 -1 -1 -1 -1 -1 -1 -1 -1 -1 -1 -1 -1 -1 -1 -1 -1 -1 -1 -1 -1 -1 -1 -1 -1 -1 -1 -1 -1 -1 -1 -1 -1 37 -1 -1 -1 -1 -1 -1 -1 -1 -1 -1 -1 -1 -1 -1 -1 -1 -1 -1 -1 -1 -1 
-1 -1 -1 -1 -1 -1 -1 -1 -1 -1 -1 -1 -1 -1 -1 -1 -1 -1 -1 -1 -1 -1 -1 -1 -1 -1 -1 -1 -1 -1 -1 -1 -1 -1 -1 -1 -1 -1 -1 -1 -1 -1 -1 -1 -1 -1 -1 -1 -1 -1 -1 -1 -1 -1 -1 -1 -1 -1 -1 -1 -1 -1 -1 -1 -1 -1 -1 -1 -1 -1 -1 -1 -1 -1 -1 -1 -1 -1 71 -1 -1 -1 -1 -1 -1 -1 -1 -1 -1 -1 -1 -1 -1 -1 -1 -1 -1 -1 -1 -1 
-1 -1 -1 -1 -1 -1 -1 -1 -1 -1 -1 -1 -1 -1 -1 -1 -1 -1 -1 -1 -1 -1 -1 -1 -1 -1 -1 -1 -1 -1 -1 -1 -1 -1 -1 -1 -1 -1 -1 -1 -1 -1 -1 -1 -1 -1 -1 -1 -1 -1 -1 -1 -1 -1 -1 -1 -1 -1 -1 -1 -1 -1 -1 -1 -1 -1 -1 -1 -1 -1 -1 -1 -1 -1 -1 -1 -1 -1 74 -1 -1 -1 -1 -1 -1 -1 -1 -1 -1 -1 -1 -1 -1 -1 -1 -1 -1 -1 -1 -1 
-1 -1 -1 -1 -1 -1 -1 -1 -1 -1 -1 -1 -1 -1 -1 -1 -1 -1 -1 -1 -1 -1 -1 -1 -1 -1 -1 -1 -1 -1 -1 -1 -1 -1 -1 -1 -1 -1 -1 -1 -1 -1 -1 -1 -1 -1 -1 -1 -1 -1 -1 -1 -1 -1 -1 -1 -1 -1 -1 -1 -1 -1 -1 -1 -1 -1 -1 -1 -1 -1 -1 -1 -1 -1 -1 -1 -1 -1 77 -1 -1 -1 -1 -1 -1 -1 -1 -1 -1 -1 -1 -1 -1 -1 -1 -1 -1 -1 -1 -1 
-1 -1 -1 -1 -1 -1 -1 -1 -1 -1 -1 -1 -1 -1 -1 -1 -1 -1 -1 -1 -1 -1 -1 -1 -1 -1 -1 -1 -1 -1 -1 -1 -1 -1 -1 -1 -1 -1 -1 -1 -1 -1 -1 -1 -1 -1 -1 -1 -1 -1 -1 -1 -1 -1 -1 -1 -1 -1 -1 -1 -1 -1 -1 -1 -1 -1 -1 -1 -1 -1 -1 -1 -1 -1 -1 -1 -1 -1 90 -1 -1 -1 -1 -1 -1 -1 -1 -1 -1 -1 -1 -1 -1 -1 -1 -1 -1 -1 -1 -1 
-1 -1 -1 -1 -1 -1 -1 -1 -1 -1 -1 -1 -1 -1 -1 -1 -1 -1 -1 -1 -1 -1 -1 -1 -1 -1 -1 -1 -1 -1 -1 -1 -1 -1 -1 -1 -1 -1 -1 -1 -1 -1 -1 -1 -1 -1 -1 -1 -1 -1 -1 -1 -1 -1 -1 -1 -1 -1 -1 -1 -1 -1 -1 -1 -1 -1 -1 -1 -1 -1 -1 -1 -1 -1 -1 -1 -1 -1 97 -1 -1 -1 -1 -1 -1 -1 -1 -1 -1 -1 -1 -1 -1 -1 -1 -1 -1 -1 -1 -1 
-1 -1 -1 -1 -1 -1 -1 -1 -1 -1 -1 -1 -1 -1 -1 -1 -1 -1 -1 -1 -1 -1 -1 -1 -1 -1 -1 -1 -1 -1 -1 -1 -1 -1 -1 -1 -1 -1 -1 -1 -1 -1 -1 -1 -1 -1 -1 -1 -1 -1 -1 -1 -1 -1 -1 -1 -1 -1 -1 -1 -1 -1 -1 -1 -1 -1 -1 -1 -1 -1 -1 -1 -1 -1 -1 -1 -1 -1 17 -1 -1 -1 -1 -1 -1 -1 -1 -1 -1 -1 -1 -1 -1 -1 -1 -1 -1 -1 -1 -1 
-1 -1 -1 -1 -1 -1 -1 -1 -1 -1 -1 -1 -1 -1 -1 -1 -1 -1 -1 -1 -1 -1 -1 -1 -1 -1 -1 -1 -1 -1 -1 -1 -1 -1 -1 -1 -1 -1 -1 -1 -1 -1 -1 -1 -1 -1 -1 -1 -1 -1 -1 -1 -1 -1 -1 -1 -1 -1 -1 -1 -1 -1 -1 -1 -1 -1 -1 -1 -1 -1 -1 -1 -1 -1 -1 -1 -1 -1 10 -1 -1 -1 -1 -1 -1 -1 -1 -1 -1 -1 -1 -1 -1 -1 -1 -1 -1 -1 -1 -1 
-1 -1 -1 -1 -1 -1 -1 -1 -1 -1 -1 -1 -1 -1 -1 -1 -1 -1 -1 -1 -1 -1 -1 -1 -1 -1 -1 -1 -1 -1 -1 -1 -1 -1 -1 -1 -1 -1 -1 -1 -1 -1 -1 -1 -1 -1 -1 -1 -1 -1 -1 -1 -1 -1 -1 -1 -1 -1 -1 -1 -1 -1 -1 -1 -1 -1 -1 -1 -1 -1 -1 -1 -1 -1 -1 -1 -1 -1 127 -1 -1 -1 -1 -1 -1 -1 -1 -1 -1 -1 -1 -1 -1 -1 -1 -1 -1 -1 -1 -1 
-1 -1 -1 -1 -1 -1 -1 -1 -1 -1 -1 -1 -1 -1 -1 -1 -1 -1 -1 -1 -1 -1 -1 -1 -1 -1 -1 -1 -1 -1 -1 -1 -1 -1 -1 -1 -1 -1 -1 -1 -1 -1 -1 -1 -1 -1 -1 -1 -1 -1 -1 -1 -1 -1 -1 -1 -1 -1 -1 -1 -1 -1 -1 -1 -1 -1 -1 -1 -1 -1 -1 -1 -1 -1 -1 -1 -1 -1 5 -1 -1 -1 -1 -1 -1 -1 -1 -1 -1 -1 -1 -1 -1 -1 -1 -1 -1 -1 -1 -1 
-1 -1 -1 -1 -1 -1 -1 -1 -1 -1 -1 -1 -1 -1 -1 -1 -1 -1 -1 -1 -1 -1 -1 -1 -1 -1 -1 -1 -1 -1 -1 -1 -1 -1 -1 -1 -1 -1 -1 -1 -1 -1 -1 -1 -1 -1 -1 -1 -1 -1 -1 -1 -1 -1 -1 -1 -1 -1 -1 -1 -1 -1 -1 -1 -1 -1 -1 -1 -1 -1 -1 -1 -1 -1 -1 -1 -1 -1 54 -1 -1 -1 -1 -1 -1 -1 -1 -1 -1 -1 -1 -1 -1 -1 -1 -1 -1 -1 -1 -1 
-1 -1 -1 -1 -1 -1 -1 -1 -1 -1 -1 -1 -1 -1 -1 -1 -1 -1 -1 -1 -1 -1 -1 -1 -1 -1 -1 -1 -1 -1 -1 -1 -1 -1 -1 -1 -1 -1 -1 -1 -1 -1 -1 -1 -1 -1 -1 -1 -1 -1 -1 -1 -1 -1 -1 -1 -1 -1 -1 -1 -1 -1 -1 -1 -1 -1 -1 -1 -1 -1 -1 -1 -1 -1 -1 -1 -1 -1 24 -1 -1 -1 -1 -1 -1 -1 -1 -1 -1 -1 -1 -1 -1 -1 -1 -1 -1 -1 -1 -1 
-1 -1 -1 -1 -1 -1 -1 -1 -1 -1 -1 -1 -1 -1 -1 -1 -1 -1 -1 -1 -1 -1 -1 -1 -1 -1 -1 -1 -1 -1 -1 -1 -1 -1 -1 -1 -1 -1 -1 -1 -1 -1 -1 -1 -1 -1 -1 -1 -1 -1 -1 -1 -1 -1 -1 -1 -1 -1 -1 -1 -1 -1 -1 -1 -1 -1 -1 -1 -1 -1 -1 -1 -1 -1 -1 -1 -1 -1 52 -1 -1 -1 -1 -1 -1 -1 -1 -1 -1 -1 -1 -1 -1 -1 -1 -1 -1 -1 -1 -1 
-1 -1 -1 -1 -1 -1 -1 -1 -1 -1 -1 -1 -1 -1 -1 -1 -1 -1 -1 -1 -1 -1 -1 -1 -1 -1 -1 -1 -1 -1 -1 -1 -1 -1 -1 -1 -1 -1 -1 -1 -1 -1 -1 -1 -1 -1 -1 -1 -1 -1 -1 -1 -1 -1 -1 -1 -1 -1 -1 -1 -1 -1 -1 -1 -1 -1 -1 -1 -1 -1 -1 -1 -1 -1 -1 -1 -1 -1 21 -1 -1 -1 -1 -1 -1 -1 -1 -1 -1 -1 -1 -1 -1 -1 -1 -1 -1 -1 -1 -1 
-1 -1 -1 -1 -1 -1 -1 -1 -1 -1 -1 -1 -1 -1 -1 -1 -1 -1 -1 -1 -1 -1 -1 -1 -1 -1 -1 -1 -1 -1 -1 -1 -1 -1 -1 -1 -1 -1 -1 -1 -1 -1 -1 -1 -1 -1 -1 -1 -1 -1 -1 -1 -1 -1 -1 -1 -1 -1 -1 -1 -1 -1 -1 -1 -1 -1 -1 -1 -1 -1 -1 -1 -1 -1 -1 -1 -1 -1 111 -1 -1 -1 -1 -1 -1 -1 -1 -1 -1 -1 -1 -1 -1 -1 -1 -1 -1 -1 -1 -1 
-1 -1 -1 -1 -1 -1 -1 -1 -1 -1 -1 -1 -1 -1 -1 -1 -1 -1 -1 -1 -1 -1 -1 -1 -1 -1 -1 -1 -1 -1 -1 -1 -1 -1 -1 -1 -1 -1 -1 -1 -1 -1 -1 -1 -1 -1 -1 -1 -1 -1 -1 -1 -1 -1 -1 -1 -1 -1 -1 -1 -1 -1 -1 -1 -1 -1 -1 -1 -1 -1 -1 -1 -1 -1 -1 -1 -1 -1 81 -1 -1 -1 -1 -1 -1 -1 -1 -1 -1 -1 -1 -1 -1 -1 -1 -1 -1 -1 -1 -1 
-1 -1 -1 -1 -1 -1 -1 -1 -1 -1 -1 -1 -1 -1 -1 -1 -1 -1 -1 -1 -1 -1 -1 -1 -1 -1 -1 -1 -1 -1 -1 -1 -1 -1 -1 -1 -1 -1 -1 -1 -1 -1 -1 -1 -1 -1 -1 -1 -1 -1 -1 -1 -1 -1 -1 -1 -1 -1 -1 -1 -1 -1 -1 -1 -1 -1 -1 -1 -1 -1 -1 -1 -1 -1 -1 -1 -1 -1 41 -1 -1 -1 -1 -1 -1 -1 -1 -1 -1 -1 -1 -1 -1 -1 -1 -1 -1 -1 -1 -1 
-1 -1 -1 -1 -1 -1 -1 -1 -1 -1 -1 -1 -1 -1 -1 -1 -1 -1 -1 -1 -1 -1 -1 -1 -1 -1 -1 -1 -1 -1 -1 -1 -1 -1 -1 -1 -1 -1 -1 -1 -1 -1 -1 -1 -1 -1 -1 -1 -1 -1 -1 -1 -1 -1 -1 -1 -1 -1 -1 -1 -1 -1 -1 -1 -1 -1 -1 -1 -1 -1 -1 -1 -1 -1 -1 -1 -1 -1 11 -1 -1 -1 -1 -1 -1 -1 -1 -1 -1 -1 -1 -1 -1 -1 -1 -1 -1 -1 -1 -1 
-1 -1 -1 -1 -1 -1 -1 -1 -1 -1 -1 -1 -1 -1 -1 -1 -1 -1 -1 -1 -1 -1 -1 -1 -1 -1 -1 -1 -1 -1 -1 -1 -1 -1 -1 -1 -1 -1 -1 -1 -1 -1 -1 -1 -1 -1 -1 -1 -1 -1 -1 -1 -1 -1 -1 -1 -1 -1 -1 -1 -1 -1 -1 -1 -1 -1 -1 -1 -1 -1 -1 -1 -1 -1 -1 -1 -1 -1 102 -1 -1 -1 -1 -1 -1 -1 -1 -1 -1 -1 -1 -1 -1 -1 -1 -1 -1 -1 -1 -1 
-1 -1 -1 -1 -1 -1 -1 -1 -1 -1 -1 -1 -1 -1 -1 -1 -1 -1 -1 -1 -1 -1 -1 -1 -1 -1 -1 -1 -1 -1 -1 -1 -1 -1 -1 -1 -1 -1 -1 -1 -1 -1 -1 -1 -1 -1 -1 -1 -1 -1 -1 -1 -1 -1 -1 -1 -1 -1 -1 -1 -1 -1 -1 -1 -1 -1 -1 -1 -1 -1 -1 -1 -1 -1 -1 -1 -1 -1 66 -1 -1 -1 -1 -1 -1 -1 -1 -1 -1 -1 -1 -1 -1 -1 -1 -1 -1 -1 -1 -1 
-1 -1 -1 -1 -1 -1 -1 -1 -1 -1 -1 -1 -1 -1 -1 -1 -1 -1 -1 -1 -1 -1 -1 -1 -1 -1 -1 -1 -1 -1 -1 -1 -1 -1 -1 -1 -1 -1 -1 -1 -1 -1 -1 -1 -1 -1 -1 -1 -1 -1 -1 -1 -1 -1 -1 -1 -1 -1 -1 -1 -1 -1 -1 -1 -1 -1 -1 -1 -1 -1 -1 -1 -1 -1 -1 -1 -1 -1 62 -1 -1 -1 -1 -1 -1 -1 -1 -1 -1 -1 -1 -1 -1 -1 -1 -1 -1 -1 -1 -1 
-1 -1 -1 -1 -1 -1 -1 -1 -1 -1 -1 -1 -1 -1 -1 -1 -1 -1 -1 -1 -1 -1 -1 -1 -1 -1 -1 -1 -1 -1 -1 -1 -1 -1 -1 -1 -1 -1 -1 -1 -1 -1 -1 -1 -1 -1 -1 -1 -1 -1 -1 -1 -1 -1 -1 -1 -1 -1 -1 -1 -1 -1 -1 -1 -1 -1 -1 -1 -1 -1 -1 -1 -1 -1 -1 -1 -1 -1 74 -1 -1 -1 -1 -1 -1 -1 -1 -1 -1 -1 -1 -1 -1 -1 -1 -1 -1 -1 -1 -1 
-1 -1 -1 -1 -1 -1 -1 -1 -1 -1 -1 -1 -1 -1 -1 -1 -1 -1 -1 -1 -1 -1 -1 -1 -1 -1 -1 -1 -1 -1 -1 -1 -1 -1 -1 -1 -1 -1 -1 -1 -1 -1 -1 -1 -1 -1 -1 -1 -1 -1 -1 -1 -1 -1 -1 -1 -1 -1 -1 -1 -1 -1 -1 -1 -1 -1 -1 -1 -1 -1 -1 -1 -1 -1 -1 -1 -1 -1 38 -1 -1 -1 -1 -1 -1 -1 -1 -1 -1 -1 -1 -1 -1 -1 -1 -1 -1 -1 -1 -1 
-1 -1 -1 -1 -1 -1 -1 -1 -1 -1 -1 -1 -1 -1 -1 -1 -1 -1 -1 -1 -1 -1 -1 -1 -1 -1 -1 -1 -1 -1 -1 -1 -1 -1 -1 -1 -1 -1 -1 -1 -1 -1 -1 -1 -1 -1 -1 -1 -1 -1 -1 -1 -1 -1 -1 -1 -1 -1 -1 -1 -1 -1 -1 -1 -1 -1 -1 -1 -1 -1 -1 -1 -1 -1 -1 -1 -1 -1 104 -1 -1 -1 -1 -1 -1 -1 -1 -1 -1 -1 -1 -1 -1 -1 -1 -1 -1 -1 -1 -1 
-1 -1 -1 -1 -1 -1 -1 -1 -1 -1 -1 -1 -1 -1 -1 -1 -1 -1 -1 -1 -1 -1 -1 -1 -1 -1 -1 -1 -1 -1 -1 -1 -1 -1 -1 -1 -1 -1 -1 -1 -1 -1 -1 -1 -1 -1 -1 -1 -1 -1 -1 -1 -1 -1 -1 -1 -1 -1 -1 -1 -1 -1 -1 -1 -1 -1 -1 -1 -1 -1 -1 -1 -1 -1 -1 -1 -1 -1 57 -1 -1 -1 -1 -1 -1 -1 -1 -1 -1 -1 -1 -1 -1 -1 -1 -1 -1 -1 -1 -1 
-1 -1 -1 -1 -1 -1 -1 -1 -1 -1 -1 -1 -1 -1 -1 -1 -1 -1 -1 -1 -1 -1 -1 -1 -1 -1 -1 -1 -1 -1 -1 -1 -1 -1 -1 -1 -1 -1 -1 -1 -1 -1 -1 -1 -1 -1 -1 -1 -1 -1 -1 -1 -1 -1 -1 -1 -1 -1 -1 -1 -1 -1 -1 -1 -1 -1 -1 -1 -1 -1 -1 -1 -1 -1 -1 -1 -1 -1 67 -1 -1 -1 -1 -1 -1 -1 -1 -1 -1 -1 -1 -1 -1 -1 -1 -1 -1 -1 -1 -1 
-1 -1 -1 -1 -1 -1 -1 -1 -1 -1 -1 -1 -1 -1 -1 -1 -1 -1 -1 -1 -1 -1 -1 -1 -1 -1 -1 -1 -1 -1 -1 -1 -1 -1 -1 -1 -1 -1 -1 -1 -1 -1 -1 -1 -1 -1 -1 -1 -1 -1 -1 -1 -1 -1 -1 -1 -1 -1 -1 -1 -1 -1 -1 -1 -1 -1 -1 -1 -1 -1 -1 -1 -1 -1 -1 -1 -1 -1 13 -1 -1 -1 -1 -1 -1 -1 -1 -1 -1 -1 -1 -1 -1 -1 -1 -1 -1 -1 -1 -1 
-1 -1 -1 -1 -1 -1 -1 -1 -1 -1 -1 -1 -1 -1 -1 -1 -1 -1 -1 -1 -1 -1 -1 -1 -1 -1 -1 -1 -1 -1 -1 -1 -1 -1 -1 -1 -1 -1 -1 -1 -1 -1 -1 -1 -1 -1 -1 -1 -1 -1 -1 -1 -1 -1 -1 -1 -1 -1 -1 -1 -1 -1 -1 -1 -1 -1 -1 -1 -1 -1 -1 -1 -1 -1 -1 -1 -1 -1 21 -1 -1 -1 -1 -1 -1 -1 -1 -1 -1 -1 -1 -1 -1 -1 -1 -1 -1 -1 -1 -1 
-1 -1 -1 -1 -1 -1 -1 -1 -1 -1 -1 -1 -1 -1 -1 -1 -1 -1 -1 -1 -1 -1 -1 -1 -1 -1 -1 -1 -1 -1 -1 -1 -1 -1 -1 -1 -1 -1 -1 -1 -1 -1 -1 -1 -1 -1 -1 -1 -1 -1 -1 -1 -1 -1 -1 -1 -1 -1 -1 -1 -1 -1 -1 -1 -1 -1 -1 -1 -1 -1 -1 -1 -1 -1 -1 -1 -1 -1 44 -1 -1 -1 -1 -1 -1 -1 -1 -1 -1 -1 -1 -1 -1 -1 -1 -1 -1 -1 -1 -1 
-1 -1 -1 -1 -1 -1 -1 -1 -1 -1 -1 -1 -1 -1 -1 -1 -1 -1 -1 -1 -1 -1 -1 -1 -1 -1 -1 -1 -1 -1 -1 -1 -1 -1 -1 -1 -1 -1 -1 -1 -1 -1 -1 -1 -1 -1 -1 -1 -1 -1 -1 -1 -1 -1 -1 -1 -1 -1 -1 -1 -1 -1 -1 -1 -1 -1 -1 -1 -1 -1 -1 -1 -1 -1 -1 -1 -1 -1 73 -1 -1 -1 -1 -1 -1 -1 -1 -1 -1 -1 -1 -1 -1 -1 -1 -1 -1 -1 -1 -1 
-1 -1 -1 -1 -1 -1 -1 -1 -1 -1 -1 -1 -1 -1 -1 -1 -1 -1 -1 -1 -1 -1 -1 -1 -1 -1 -1 -1 -1 -1 -1 -1 -1 -1 -1 -1 -1 -1 -1 -1 -1 -1 -1 -1 -1 -1 -1 -1 -1 -1 -1 -1 -1 -1 -1 -1 -1 -1 -1 -1 -1 -1 -1 -1 -1 -1 -1 -1 -1 -1 -1 -1 -1 -1 -1 -1 -1 -1 14 -1 -1 -1 -1 -1 -1 -1 -1 -1 -1 -1 -1 -1 -1 -1 -1 -1 -1 -1 -1 -1 
-1 -1 -1 -1 -1 -1 -1 -1 -1 -1 -1 -1 -1 -1 -1 -1 -1 -1 -1 -1 -1 -1 -1 -1 -1 -1 -1 -1 -1 -1 -1 -1 -1 -1 -1 -1 -1 -1 -1 -1 -1 -1 -1 -1 -1 -1 -1 -1 -1 -1 -1 -1 -1 -1 -1 -1 -1 -1 -1 -1 -1 -1 -1 -1 -1 -1 -1 -1 -1 -1 -1 -1 -1 -1 -1 -1 -1 -1 80 -1 -1 -1 -1 -1 -1 -1 -1 -1 -1 -1 -1 -1 -1 -1 -1 -1 -1 -1 -1 -1 
-1 -1 -1 -1 -1 -1 -1 -1 -1 -1 -1 -1 -1 -1 -1 -1 -1 -1 -1 -1 -1 -1 -1 -1 -1 -1 -1 -1 -1 -1 -1 -1 -1 -1 -1 -1 -1 -1 -1 -1 -1 -1 -1 -1 -1 -1 -1 -1 -1 -1 -1 -1 -1 -1 -1 -1 -1 -1 -1 -1 -1 -1 -1 -1 -1 -1 -1 -1 -1 -1 -1 -1 -1 -1 -1 -1 -1 -1 15 -1 -1 -1 -1 -1 -1 -1 -1 -1 -1 -1 -1 -1 -1 -1 -1 -1 -1 -1 -1 -1 
-1 -1 -1 -1 -1 -1 -1 -1 -1 -1 -1 -1 -1 -1 -1 -1 -1 -1 -1 -1 -1 -1 -1 -1 -1 -1 -1 -1 -1 -1 -1 -1 -1 -1 -1 -1 -1 -1 -1 -1 -1 -1 -1 -1 -1 -1 -1 -1 -1 -1 -1 -1 -1 -1 -1 -1 -1 -1 -1 -1 -1 -1 -1 -1 -1 -1 -1 -1 -1 -1 -1 -1 -1 -1 -1 -1 -1 -1 87 -1 -1 -1 -1 -1 -1 -1 -1 -1 -1 -1 -1 -1 -1 -1 -1 -1 -1 -1 -1 -1 
-1 -1 -1 -1 -1 -1 -1 -1 -1 -1 -1 -1 -1 -1 -1 -1 -1 -1 -1 -1 -1 -1 -1 -1 -1 -1 -1 -1 -1 -1 -1 -1 -1 -1 -1 -1 -1 -1 -1 -1 -1 -1 -1 -1 -1 -1 -1 -1 -1 -1 -1 -1 -1 -1 -1 -1 -1 -1 -1 -1 -1 -1 -1 -1 -1 -1 -1 -1 -1 -1 -1 -1 -1 -1 -1 -1 -1 -1 29 -1 -1 -1 -1 -1 -1 -1 -1 -1 -1 -1 -1 -1 -1 -1 -1 -1 -1 -1 -1 -1 
-1 -1 -1 -1 -1 -1 -1 -1 -1 -1 -1 -1 -1 -1 -1 -1 -1 -1 -1 -1 -1 -1 -1 -1 -1 -1 -1 -1 -1 -1 -1 -1 -1 -1 -1 -1 -1 -1 -1 -1 -1 -1 -1 -1 -1 -1 -1 -1 -1 -1 -1 -1 -1 -1 -1 -1 -1 -1 -1 -1 -1 -1 -1 -1 -1 -1 -1 -1 -1 -1 -1 -1 -1 -1 -1 -1 -1 -1 104 -1 -1 -1 -1 -1 -1 -1 -1 -1 -1 -1 -1 -1 -1 -1 -1 -1 -1 -1 -1 -1 
-1 -1 -1 -1 -1 -1 -1 -1 -1 -1 -1 -1 -1 -1 -1 -1 -1 -1 -1 -1 -1 -1 -1 -1 -1 -1 -1 -1 -1 -1 -1 -1 -1 -1 -1 -1 -1 -1 -1 -1 -1 -1 -1 -1 -1 -1 -1 -1 -1 -1 -1 -1 -1 -1 -1 -1 -1 -1 -1 -1 -1 -1 -1 -1 -1 -1 -1 -1 -1 -1 -1 -1 -1 -1 -1 -1 -1 -1 56 -1 -1 -1 -1 -1 -1 -1 -1 -1 -1 -1 -1 -1 -1 -1 -1 -1 -1 -1 -1 -1 
-1 -1 -1 -1 -1 -1 -1 -1 -1 -1 -1 -1 -1 -1 -1 -1 -1 -1 -1 -1 -1 -1 -1 -1 -1 -1 -1 -1 -1 -1 -1 -1 -1 -1 -1 -1 -1 -1 -1 -1 -1 -1 -1 -1 -1 -1 -1 -1 -1 -1 -1 -1 -1 -1 -1 -1 -1 -1 -1 -1 -1 -1 -1 -1 -1 -1 -1 -1 -1 -1 -1 -1 -1 -1 -1 -1 -1 -1 45 -1 -1 -1 -1 -1 -1 -1 -1 -1 -1 -1 -1 -1 -1 -1 -1 -1 -1 -1 -1 -1 
-1 -1 -1 -1 -1 -1 -1 -1 -1 -1 -1 -1 -1 -1 -1 -1 -1 -1 -1 -1 -1 -1 -1 -1 -1 -1 -1 -1 -1 -1 -1 -1 -1 -1 -1 -1 -1 -1 -1 -1 -1 -1 -1 -1 -1 -1 -1 -1 -1 -1 -1 -1 -1 -1 -1 -1 -1 -1 -1 -1 -1 -1 -1 -1 -1 -1 -1 -1 -1 -1 -1 -1 -1 -1 -1 -1 -1 -1 113 -1 -1 -1 -1 -1 -1 -1 -1 -1 -1 -1 -1 -1 -1 -1 -1 -1 -1 -1 -1 -1 
-1 -1 -1 -1 -1 -1 -1 -1 -1 -1 -1 -1 -1 -1 -1 -1 -1 -1 -1 -1 -1 -1 -1 -1 -1 -1 -1 -1 -1 -1 -1 -1 -1 -1 -1 -1 -1 -1 -1 -1 -1 -1 -1 -1 -1 -1 -1 -1 -1 -1 -1 -1 -1 -1 -1 -1 -1 -1 -1 -1 -1 -1 -1 -1 -1 -1 -1 -1 -1 -1 -1 -1 -1 -1 -1 -1 -1 -1 54 -1 -1 -1 -1 -1 -1 -1 -1 -1 -1 -1 -1 -1 -1 -1 -1 -1 -1 -1 -1 -1 
-1 -1 -1 -1 -1 -1 -1 -1 -1 -1 -1 -1 -1 -1 -1 -1 -1 -1 -1 -1 -1 -1 -1 -1 -1 -1 -1 -1 -1 -1 -1 -1 -1 -1 -1 -1 -1 -1 -1 -1 -1 -1 -1 -1 -1 -1 -1 -1 -1 -1 -1 -1 -1 -1 -1 -1 -1 -1 -1 -1 -1 -1 -1 -1 -1 -1 -1 -1 -1 -1 -1 -1 -1 -1 -1 -1 -1 -1 49 -1 -1 -1 -1 -1 -1 -1 -1 -1 -1 -1 -1 -1 -1 -1 -1 -1 -1 -1 -1 -1 
-1 -1 -1 -1 -1 -1 -1 -1 -1 -1 -1 -1 -1 -1 -1 -1 -1 -1 -1 -1 -1 -1 -1 -1 -1 -1 -1 -1 -1 -1 -1 -1 -1 -1 -1 -1 -1 -1 -1 -1 -1 -1 -1 -1 -1 -1 -1 -1 -1 -1 -1 -1 -1 -1 -1 -1 -1 -1 -1 -1 -1 -1 -1 -1 -1 -1 -1 -1 -1 -1 -1 -1 -1 -1 -1 -1 -1 -1 39 -1 -1 -1 -1 -1 -1 -1 -1 -1 -1 -1 -1 -1 -1 -1 -1 -1 -1 -1 -1 -1 
-1 -1 -1 -1 -1 -1 -1 -1 -1 -1 -1 -1 -1 -1 -1 -1 -1 -1 -1 -1 -1 -1 -1 -1 -1 -1 -1 -1 -1 -1 -1 -1 -1 -1 -1 -1 -1 -1 -1 -1 -1 -1 -1 -1 -1 -1 -1 -1 -1 -1 -1 -1 -1 -1 -1 -1 -1 -1 -1 -1 -1 -1 -1 -1 -1 -1 -1 -1 -1 -1 -1 -1 -1 -1 -1 -1 -1 -1 77 -1 -1 -1 -1 -1 -1 -1 -1 -1 -1 -1 -1 -1 -1 -1 -1 -1 -1 -1 -1 -1 
-1 -1 -1 -1 -1 -1 -1 -1 -1 -1 -1 -1 -1 -1 -1 -1 -1 -1 -1 -1 -1 -1 -1 -1 -1 -1 -1 -1 -1 -1 -1 -1 -1 -1 -1 -1 -1 -1 -1 -1 -1 -1 -1 -1 -1 -1 -1 -1 -1 -1 -1 -1 -1 -1 -1 -1 -1 -1 -1 -1 -1 -1 -1 -1 -1 -1 -1 -1 -1 -1 -1 -1 -1 -1 -1 -1 -1 -1 100 -1 -1 -1 -1 -1 -1 -1 -1 -1 -1 -1 -1 -1 -1 -1 -1 -1 -1 -1 -1 -1 
-1 -1 -1 -1 -1 -1 -1 -1 -1 -1 -1 -1 -1 -1 -1 -1 -1 -1 -1 -1 -1 -1 -1 -1 -1 -1 -1 -1 -1 -1 -1 -1 -1 -1 -1 -1 -1 -1 -1 -1 -1 -1 -1 -1 -1 -1 -1 -1 -1 -1 -1 -1 -1 -1 -1 -1 -1 -1 -1 -1 -1 -1 -1 -1 -1 -1 -1 -1 -1 -1 -1 -1 -1 -1 -1 -1 -1 -1 59 -1 -1 -1 -1 -1 -1 -1 -1 -1 -1 -1 -1 -1 -1 -1 -1 -1 -1 -1 -1 -1 
-1 -1 -1 -1 -1 -1 -1 -1 -1 -1 -1 -1 -1 -1 -1 -1 -1 -1 -1 -1 -1 -1 -1 -1 -1 -1 -1 -1 -1 -1 -1 -1 -1 -1 -1 -1 -1 -1 -1 -1 -1 -1 -1 -1 -1 -1 -1 -1 -1 -1 -1 -1 -1 -1 -1 -1 -1 -1 -1 -1 -1 -1 -1 -1 -1 -1 -1 -1 -1 -1 -1 -1 -1 -1 -1 -1 -1 -1 60 -1 -1 -1 -1 -1 -1 -1 -1 -1 -1 -1 -1 -1 -1 -1 -1 -1 -1 -1 -1 -1 
-1 -1 -1 -1 -1 -1 -1 -1 -1 -1 -1 -1 -1 -1 -1 -1 -1 -1 -1 -1 -1 -1 -1 -1 -1 -1 -1 -1 -1 -1 -1 -1 -1 -1 -1 -1 -1 -1 -1 -1 -1 -1 -1 -1 -1 -1 -1 -1 -1 -1 -1 -1 -1 -1 -1 -1 -1 -1 -1 -1 -1 -1 -1 -1 -1 -1 -1 -1 -1 -1 -1 -1 -1 -1 -1 -1 -1 -1 53 -1 -1 -1 -1 -1 -1 -1 -1 -1 -1 -1 -1 -1 -1 -1 -1 -1 -1 -1 -1 -1 
-1 -1 -1 -1 -1 -1 -1 -1 -1 -1 -1 -1 -1 -1 -1 -1 -1 -1 -1 -1 -1 -1 -1 -1 -1 -1 -1 -1 -1 -1 -1 -1 -1 -1 -1 -1 -1 -1 -1 -1 -1 -1 -1 -1 -1 -1 -1 -1 -1 -1 -1 -1 -1 -1 -1 -1 -1 -1 -1 -1 -1 -1 -1 -1 -1 -1 -1 -1 -1 -1 -1 -1 -1 -1 -1 -1 -1 -1 99 -1 -1 -1 -1 -1 -1 -1 -1 -1 -1 -1 -1 -1 -1 -1 -1 -1 -1 -1 -1 -1 
-1 -1 -1 -1 -1 -1 -1 -1 -1 -1 -1 -1 -1 -1 -1 -1 -1 -1 -1 -1 -1 -1 -1 -1 -1 -1 -1 -1 -1 -1 -1 -1 -1 -1 -1 -1 -1 -1 -1 -1 -1 -1 -1 -1 -1 -1 -1 -1 -1 -1 -1 -1 -1 -1 -1 -1 -1 -1 -1 -1 -1 -1 -1 -1 -1 -1 -1 -1 -1 -1 -1 -1 -1 -1 -1 -1 -1 -1 70 -1 -1 -1 -1 -1 -1 -1 -1 -1 -1 -1 -1 -1 -1 -1 -1 -1 -1 -1 -1 -1 
-1 -1 -1 -1 -1 -1 -1 -1 -1 -1 -1 -1 -1 -1 -1 -1 -1 -1 -1 -1 -1 -1 -1 -1 -1 -1 -1 -1 -1 -1 -1 -1 -1 -1 -1 -1 -1 -1 -1 -1 -1 -1 -1 -1 -1 -1 -1 -1 -1 -1 -1 -1 -1 -1 -1 -1 -1 -1 -1 -1 -1 -1 -1 -1 -1 -1 -1 -1 -1 -1 -1 -1 -1 -1 -1 -1 -1 -1 26 -1 -1 -1 -1 -1 -1 -1 -1 -1 -1 -1 -1 -1 -1 -1 -1 -1 -1 -1 -1 -1 
-1 -1 -1 -1 -1 -1 -1 -1 -1 -1 -1 -1 -1 -1 -1 -1 -1 -1 -1 -1 -1 -1 -1 -1 -1 -1 -1 -1 -1 -1 -1 -1 -1 -1 -1 -1 -1 -1 -1 -1 -1 -1 -1 -1 -1 -1 -1 -1 -1 -1 -1 -1 -1 -1 -1 -1 -1 -1 -1 -1 -1 -1 -1 -1 -1 -1 -1 -1 -1 -1 -1 -1 -1 -1 -1 -1 -1 -1 36 -1 -1 -1 -1 -1 -1 -1 -1 -1 -1 -1 -1 -1 -1 -1 -1 -1 -1 -1 -1 -1 
-1 -1 -1 -1 -1 -1 -1 -1 -1 -1 -1 -1 -1 -1 -1 -1 -1 -1 -1 -1 -1 -1 -1 -1 -1 -1 -1 -1 -1 -1 -1 -1 -1 -1 -1 -1 -1 -1 -1 -1 -1 -1 -1 -1 -1 -1 -1 -1 -1 -1 -1 -1 -1 -1 -1 -1 -1 -1 -1 -1 -1 -1 -1 -1 -1 -1 -1 -1 -1 -1 -1 -1 -1 -1 -1 -1 -1 -1 3 -1 -1 -1 -1 -1 -1 -1 -1 -1 -1 -1 -1 -1 -1 -1 -1 -1 -1 -1 -1 -1 
-1 -1 -1 -1 -1 -1 -1 -1 -1 -1 -1 -1 -1 -1 -1 -1 -1 -1 -1 -1 -1 -1 -1 -1 -1 -1 -1 -1 -1 -1 -1 -1 -1 -1 -1 -1 -1 -1 -1 -1 -1 -1 -1 -1 -1 -1 -1 -1 -1 -1 -1 -1 -1 -1 -1 -1 -1 -1 -1 -1 -1 -1 -1 -1 -1 -1 -1 -1 -1 -1 -1 -1 -1 -1 -1 -1 -1 -1 99 -1 -1 -1 -1 -1 -1 -1 -1 -1 -1 -1 -1 -1 -1 -1 -1 -1 -1 -1 -1 -1 
-1 -1 -1 -1 -1 -1 -1 -1 -1 -1 -1 -1 -1 -1 -1 -1 -1 -1 -1 -1 -1 -1 -1 -1 -1 -1 -1 -1 -1 -1 -1 -1 -1 -1 -1 -1 -1 -1 -1 -1 -1 -1 -1 -1 -1 -1 -1 -1 -1 -1 -1 -1 -1 -1 -1 -1 -1 -1 -1 -1 -1 -1 -1 -1 -1 -1 -1 -1 -1 -1 -1 -1 -1 -1 -1 -1 -1 -1 74 -1 -1 -1 -1 -1 -1 -1 -1 -1 -1 -1 -1 -1 -1 -1 -1 -1 -1 -1 -1 -1 
-1 -1 -1 -1 -1 -1 -1 -1 -1 -1 -1 -1 -1 -1 -1 -1 -1 -1 -1 -1 -1 -1 -1 -1 -1 -1 -1 -1 -1 -1 -1 -1 -1 -1 -1 -1 -1 -1 -1 -1 -1 -1 -1 -1 -1 -1 -1 -1 -1 -1 -1 -1 -1 -1 -1 -1 -1 -1 -1 -1 -1 -1 -1 -1 -1 -1 -1 -1 -1 -1 -1 -1 -1 -1 -1 -1 -1 -1 106 -1 -1 -1 -1 -1 -1 -1 -1 -1 -1 -1 -1 -1 -1 -1 -1 -1 -1 -1 -1 -1 
-1 -1 -1 -1 -1 -1 -1 -1 -1 -1 -1 -1 -1 -1 -1 -1 -1 -1 -1 -1 -1 -1 -1 -1 -1 -1 -1 -1 -1 -1 -1 -1 -1 -1 -1 -1 -1 -1 -1 -1 -1 -1 -1 -1 -1 -1 -1 -1 -1 -1 -1 -1 -1 -1 -1 -1 -1 -1 -1 -1 -1 -1 -1 -1 -1 -1 -1 -1 -1 -1 -1 -1 -1 -1 -1 -1 -1 -1 27 -1 -1 -1 -1 -1 -1 -1 -1 -1 -1 -1 -1 -1 -1 -1 -1 -1 -1 -1 -1 -1 
-1 -1 -1 -1 -1 -1 -1 -1 -1 -1 -1 -1 -1 -1 -1 -1 -1 -1 -1 -1 -1 -1 -1 -1 -1 -1 -1 -1 -1 -1 -1 -1 -1 -1 -1 -1 -1 -1 -1 -1 -1 -1 -1 -1 -1 -1 -1 -1 -1 -1 -1 -1 -1 -1 -1 -1 -1 -1 -1 -1 -1 -1 -1 -1 -1 -1 -1 -1 -1 -1 -1 -1 -1 -1 -1 -1 -1 -1 12 -1 -1 -1 -1 -1 -1 -1 -1 -1 -1 -1 -1 -1 -1 -1 -1 -1 -1 -1 -1 -1 
-1 -1 -1 -1 -1 -1 -1 -1 -1 -1 -1 -1 -1 -1 -1 -1 -1 -1 -1 -1 -1 -1 -1 -1 -1 -1 -1 -1 -1 -1 -1 -1 -1 -1 -1 -1 -1 -1 -1 -1 -1 -1 -1 -1 -1 -1 -1 -1 -1 -1 -1 -1 -1 -1 -1 -1 -1 -1 -1 -1 -1 -1 -1 -1 -1 -1 -1 -1 -1 -1 -1 -1 -1 -1 -1 -1 -1 -1 118 -1 -1 -1 -1 -1 -1 -1 -1 -1 -1 -1 -1 -1 -1 -1 -1 -1 -1 -1 -1 -1 
-1 -1 -1 -1 -1 -1 -1 -1 -1 -1 -1 -1 -1 -1 -1 -1 -1 -1 -1 -1 -1 -1 -1 -1 -1 -1 -1 -1 -1 -1 -1 -1 -1 -1 -1 -1 -1 -1 -1 -1 -1 -1 -1 -1 -1 -1 -1 -1 -1 -1 -1 -1 -1 -1 -1 -1 -1 -1 -1 -1 -1 -1 -1 -1 -1 -1 -1 -1 -1 -1 -1 -1 -1 -1 -1 -1 -1 -1 47 -1 -1 -1 -1 -1 -1 -1 -1 -1 -1 -1 -1 -1 -1 -1 -1 -1 -1 -1 -1 -1 
-1 -1 -1 -1 -1 -1 -1 -1 -1 -1 -1 -1 -1 -1 -1 -1 -1 -1 -1 -1 -1 -1 -1 -1 -1 -1 -1 -1 -1 -1 -1 -1 -1 -1 -1 -1 -1 -1 -1 -1 -1 -1 -1 -1 -1 -1 -1 -1 -1 -1 -1 -1 -1 -1 -1 -1 -1 -1 -1 -1 -1 -1 -1 -1 -1 -1 -1 -1 -1 -1 -1 -1 -1 -1 -1 -1 -1 -1 -1 55 -1 -1 -1 -1 -1 -1 -1 -1 -1 -1 -1 -1 -1 -1 -1 -1 -1 -1 -1 -1 
-1 -1 -1 -1 -1 -1 -1 -1 -1 -1 -1 -1 -1 -1 -1 -1 -1 -1 -1 -1 -1 -1 -1 -1 -1 -1 -1 -1 -1 -1 -1 -1 -1 -1 -1 -1 -1 -1 -1 -1 -1 -1 -1 -1 -1 -1 -1 -1 -1 -1 -1 -1 -1 -1 -1 -1 -1 -1 -1 -1 -1 -1 -1 -1 -1 -1 -1 -1 -1 -1 -1 -1 -1 -1 -1 -1 -1 -1 -1 -1 62 61 7 76 19 35 52 74 79 36 127 127 74 76 99 4 -1 -1 -1 -1 
-1 -1 -1 -1 -1 -1 -1 -1 -1 -1 -1 -1 -1 -1 -1 -1 -1 -1 -1 -1 -1 -1 -1 -1 -1 -1 -1 -1 -1 -1 -1 -1 -1 -1 -1 -1 -1 -1 -1 -1 -1 -1 -1 -1 -1 -1 -1 -1 -1 -1 -1 -1 -1 -1 -1 -1 -1 -1 -1 -1 -1 -1 -1 -1 -1 -1 -1 -1 -1 -1 -1 -1 -1 -1 -1 -1 -1 -1 -1 -1 -1 -1 -1 -1 -1 -1 -1 -1 -1 -1 -1 -1 -1 -1 -1 -1 7 -1 -1 -1 
-1 -1 -1 -1 -1 -1 -1 -1 -1 -1 -1 -1 -1 -1 -1 -1 -1 -1 -1 -1 -1 -1 -1 -1 -1 -1 -1 -1 -1 -1 -1 -1 -1 -1 -1 -1 -1 -1 -1 -1 -1 -1 -1 -1 -1 -1 -1 -1 -1 -1 -1 -1 -1 -1 -1 -1 -1 -1 -1 -1 -1 -1 -1 -1 -1 -1 -1 -1 -1 -1 -1 -1 -1 -1 -1 -1 -1 -1 -1 -1 -1 -1 -1 -1 -1 -1 -1 -1 -1 -1 -1 -1 -1 -1 -1 -1 23 -1 -1 -1 
-1 -1 -1 -1 -1 -1 -1 -1 -1 -1 -1 -1 -1 -1 -1 -1 -1 -1 -1 -1 -1 -1 -1 -1 -1 -1 -1 -1 -1 -1 -1 -1 -1 -1 -1 -1 -1 -1 -1 -1 -1 -1 -1 -1 -1 -1 -1 -1 -1 -1 -1 -1 -1 -1 -1 -1 -1 -1 -1 -1 -1 -1 -1 -1 -1 -1 -1 -1 -1 -1 -1 -1 -1 -1 -1 -1 -1 -1 -1 -1 -1 -1 -1 -1 -1 -1 -1 -1 -1 -1 -1 -1 -1 -1 -1 -1 103 -1 -1 -1 
-1 -1 -1 -1 -1 -1 -1 -1 -1 -1 -1 -1 -1 -1 -1 -1 -1 -1 -1 -1 -1 -1 -1 -1 -1 -1 -1 -1 -1 -1 -1 -1 -1 -1 -1 -1 -1 -1 -1 -1 -1 -1 -1 -1 -1 -1 -1 -1 -1 -1 -1 -1 -1 -1 -1 -1 -1 -1 -1 -1 -1 -1 -1 -1 -1 -1 -1 -1 -1 -1 -1 -1 -1 -1 -1 -1 -1 -1 -1 -1 -1 -1 -1 -1 -1 -1 -1 -1 -1 -1 -1 -1 -1 -1 -1 -1 76 -1 -1 -1 
-1 -1 -1 -1 -1 -1 -1 -1 -1 -1 -1 -1 -1 -1 -1 -1 -1 -1 -1 -1 -1 -1 -1 -1 -1 -1 -1 -1 -1 -1 -1 -1 -1 -1 -1 -1 -1 -1 -1 -1 -1 -1 -1 -1 -1 -1 -1 -1 -1 -1 -1 -1 -1 -1 -1 -1 -1 -1 -1 -1 -1 -1 -1 -1 -1 -1 -1 -1 -1 -1 -1 -1 -1 -1 -1 -1 -1 -1 -1 -1 -1 -1 -1 -1 -1 -1 -1 -1 -1 -1 -1 -1 -1 -1 -1 -1 48 -1 -1 -1 
-1 -1 -1 -1 -1 -1 -1 -1 -1 -1 -1 -1 -1 -1 -1 -1 -1 -1 -1 -1 -1 -1 -1 -1 -1 -1 -1 -1 -1 -1 -1 -1 -1 -1 -1 -1 -1 -1 -1 -1 -1 -1 -1 -1 -1 -1 -1 -1 -1 -1 -1 -1 -1 -1 -1 -1 -1 -1 -1 -1 -1 -1 -1 -1 -1 -1 -1 -1 -1 -1 -1 -1 -1 -1 -1 -1 -1 -1 -1 -1 -1 -1 -1 -1 -1 -1 -1 -1 -1 -1 -1 -1 -1 -1 -1 -1 10 -1 -1 -1 
-1 -1 -1 -1 -1 -1 -1 -1 -1 -1 -1 -1 -1 -1 -1 -1 -1 -1 -1 -1 -1 -1 -1 -1 -1 -1 -1 -1 -1 -1 -1 -1 -1 -1 -1 -1 -1 -1 -1 -1 -1 -1 -1 -1 -1 -1 -1 -1 -1 -1 -1 -1 -1 -1 -1 -1 -1 -1 -1 -1 -1 -1 -1 -1 -1 -1 -1 -1 -1 -1 -1 -1 -1 -1 -1 -1 -1 -1 -1 -1 -1 -1 -1 -1 -1 -1 -1 -1 -1 -1 -1 -1 -1 -1 -1 -1 78 -1 -1 -1 
-1 -1 -1 -1 -1 -1 -1 -1 -1 -1 -1 -1 -1 -1 -1 -1 -1 -1 -1 -1 -1 -1 -1 -1 -1 -1 -1 -1 -1 -1 -1 -1 -1 -1 -1 -1 -1 -1 -1 -1 -1 -1 -1 -1 -1 -1 -1 -1 -1 -1 -1 -1 -1 -1 -1 -1 -1 -1 -1 -1 -1 -1 -1 -1 -1 -1 -1 -1 -1 -1 -1 -1 -1 -1 -1 -1 -1 -1 -1 -1 -1 -1 -1 -1 -1 -1 -1 -1 -1 -1 -1 -1 -1 -1 -1 -1 18 -1 -1 -1 
-1 -1 -1 -1 -1 -1 -1 -1 -1 -1 -1 -1 -1 -1 -1 -1 -1 -1 -1 -1 -1 -1 -1 -1 -1 -1 -1 -1 -1 -1 -1 -1 -1 -1 -1 -1 -1 -1 -1 -1 -1 -1 -1 -1 -1 -1 -1 -1 -1 -1 -1 -1 -1 -1 -1 -1 -1 -1 -1 -1 -1 -1 -1 -1 -1 -1 -1 -1 -1 -1 -1 -1 -1 -1 -1 -1 -1 -1 -1 -1 -1 -1 -1 -1 -1 -1 -1 -1 -1 -1 -1 -1 -1 -1 -1 -1 83 -1 -1 -1 
-1 -1 -1 -1 -1 -1 -1 -1 -1 -1 -1 -1 -1 -1 -1 -1 -1 -1 -1 -1 -1 -1 -1 -1 -1 -1 -1 -1 -1 -1 -1 -1 -1 -1 -1 -1 -1 -1 -1 -1 -1 -1 -1 -1 -1 -1 -1 -1 -1 -1 -1 -1 -1 -1 -1 -1 -1 -1 -1 -1 -1 -1 -1 -1 -1 -1 -1 -1 -1 -1 -1 -1 -1 -1 -1 -1 -1 -1 -1 -1 -1 -1 -1 -1 -1 -1 -1 -1 -1 -1 -1 -1 -1 -1 -1 -1 55 -1 -1 -1 
-1 -1 -1 -1 -1 -1 -1 -1 -1 -1 -1 -1 -1 -1 -1 -1 -1 -1 -1 -1 -1 -1 -1 -1 -1 -1 -1 -1 -1 -1 -1 -1 -1 -1 -1 -1 -1 -1 -1 -1 -1 -1 -1 -1 -1 -1 -1 -1 -1 -1 -1 -1 -1 -1 -1 -1 -1 -1 -1 -1 -1 -1 -1 -1 -1 -1 -1 -1 -1 -1 -1 -1 -1 -1 -1 -1 -1 -1 -1 -1 -1 -1 -1 -1 -1 -1 -1 -1 -1 -1 -1 -1 -1 -1 -1 -1 44 -1 -1 -1 
-1 -1 -1 -1 -1 -1 -1 -1 -1 -1 -1 -1 -1 -1 -1 -1 -1 -1 -1 -1 -1 -1 -1 -1 -1 -1 -1 -1 -1 -1 -1 -1 -1 -1 -1 -1 -1 -1 -1 -1 -1 -1 -1 -1 -1 -1 -1 -1 -1 -1 -1 -1 -1 -1 -1 -1 -1 -1 -1 -1 -1 -1 -1 -1 -1 -1 -1 -1 -1 -1 -1 -1 -1 -1 -1 -1 -1 -1 -1 -1 -1 -1 -1 -1 -1 -1 -1 -1 -1 -1 -1 -1 -1 -1 -1 -1 95 -1 -1 -1 
-1 -1 -1 -1 -1 -1 -1 -1 -1 -1 -1 -1 -1 -1 -1 -1 -1 -1 -1 -1 -1 -1 -1 -1 -1 -1 -1 -1 -1 -1 -1 -1 -1 -1 -1 -1 -1 -1 -1 -1 -1 -1 -1 -1 -1 -1 -1 -1 -1 -1 -1 -1 -1 -1 -1 -1 -1 -1 -1 -1 -1 -1 -1 -1 -1 -1 -1 -1 -1 -1 -1 -1 -1 -1 -1 -1 -1 -1 -1 -1 -1 -1 -1 -1 -1 -1 -1 -1 -1 -1 -1 -1 -1 -1 -1 -1 44 -1 -1 -1 
-1 -1 -1 -1 -1 -1 -1 -1 -1 -1 -1 -1 -1 -1 -1 -1 -1 -1 -1 -1 -1 -1 -1 -1 -1 -1 -1 -1 -1 -1 -1 -1 -1 -1 -1 -1 -1 -1 -1 -1 -1 -1 -1 -1 -1 -1 -1 -1 -1 -1 -1 -1 -1 -1 -1 -1 -1 -1 -1 -1 -1 -1 -1 -1 -1 -1 -1 -1 -1 -1 -1 -1 -1 -1 -1 -1 -1 -1 -1 -1 -1 -1 -1 -1 -1 -1 -1 -1 -1 -1 -1 -1 -1 -1 -1 -1 90 -1 -1 -1 
-1 -1 -1 -1 -1 -1 -1 -1 -1 -1 -1 -1 -1 -1 -1 -1 -1 -1 -1 -1 -1 -1 -1 -1 -1 -1 -1 -1 -1 -1 -1 -1 -1 -1 -1 -1 -1 -1 -1 -1 -1 -1 -1 -1 -1 -1 -1 -1 -1 -1 -1 -1 -1 -1 -1 -1 -1 -1 -1 -1 -1 -1 -1 -1 -1 -1 -1 -1 -1 -1 -1 -1 -1 -1 -1 -1 -1 -1 -1 -1 -1 -1 -1 -1 -1 -1 -1 -1 -1 -1 -1 -1 -1 -1 -1 -1 21 -1 -1 -1 
-1 -1 -1 -1 -1 -1 -1 -1 -1 -1 -1 -1 -1 -1 -1 -1 -1 -1 -1 -1 -1 -1 -1 -1 -1 -1 -1 -1 -1 -1 -1 -1 -1 -1 -1 -1 -1 -1 -1 -1 -1 -1 -1 -1 -1 -1 -1 -1 -1 -1 -1 -1 -1 -1 -1 -1 -1 -1 -1 -1 -1 -1 -1 -1 -1 -1 -1 -1 -1 -1 -1 -1 -1 -1 -1 -1 -1 -1 -1 -1 -1 -1 -1 -1 -1 -1 -1 -1 -1 -1 -1 -1 -1 -1 -1 -1 105 -1 -1 -1 
-1 -1 -1 -1 -1 -1 -1 -1 -1 -1 -1 -1 -1 -1 -1 -1 -1 -1 -1 -1 -1 -1 -1 -1 -1 -1 -1 -1 -1 -1 -1 -1 -1 -1 -1 -1 -1 -1 -1 -1 -1 -1 -1 -1 -1 -1 -1 -1 -1 -1 -1 -1 -1 -1 -1 -1 -1 -1 -1 -1 -1 -1 -1 -1 -1 -1 -1 -1 -1 -1 -1 -1 -1 -1 -1 -1 -1 -1 -1 -1 -1 -1 -1 -1 -1 -1 -1 -1 -1 -1 -1 -1 -1 -1 -1 -1 -1 22 -1 -1 
-1 -1 -1 -1 -1 -1 -1 -1 -1 -1 -1 -1 -1 -1 -1 -1 -1 -1 -1 -1 -1 -1 -1 -1 -1 -1 -1 -1 -1 -1 -1 -1 -1 -1 -1 -1 -1 -1 -1 -1 -1 -1 -1 -1 -1 -1 -1 -1 -1 -1 -1 -1 -1 -1 -1 -1 -1 -1 -1 -1 -1 -1 -1 -1 -1 -1 -1 -1 -1 -1 -1 -1 -1 -1 -1 -1 -1 -1 -1 -1 -1 -1 -1 -1 -1 -1 -1 -1 -1 -1 -1 -1 -1 -1 -1 -1 -1 -1 27 -1 
-1 -1 -1 -1 -1 -1 -1 -1 -1 -1 -1 -1 -1 -1 -1 -1 -1 -1 -1 -1 -1 -1 -1 -1 -1 -1 -1 -1 -1 -1 -1 -1 -1 -1 -1 -1 -1 -1 -1 -1 -1 -1 -1 -1 -1 -1 -1 -1 -1 -1 -1 -1 -1 -1 -1 -1 -1 -1 -1 -1 -1 -1 -1 -1 -1 -1 -1 -1 -1 -1 -1 -1 -1 -1 -1 -1 -1 -1 -1 -1 -1 -1 -1 -1 -1 -1 -1 -1 -1 -1 -1 -1 -1 -1 -1 -1 -1 -1 -1 52 
-1 -1 -1 -1 -1 -1 -1 -1 -1 -1 -1 -1 -1 -1 -1 -1 -1 -1 -1 -1 -1 -1 -1 -1 -1 -1 -1 -1 -1 -1 -1 -1 -1 -1 -1 -1 -1 -1 -1 -1 -1 -1 -1 -1 -1 -1 -1 -1 -1 -1 -1 -1 -1 -1 -1 -1 -1 -1 -1 -1 -1 -1 -1 -1 -1 -1 -1 -1 -1 -1 -1 -1 -1 -1 -1 -1 -1 -1 -1 -1 -1 -1 -1 -1 -1 -1 -1 -1 -1 -1 -1 -1 -1 -1 -1 -1 -1 -1 -1 -1 
