50 64
0.219 0.21 0.146 0.17 0.304 0.354 0.181 0.348 0.295 0.142 0.327 0.142 0.25 0.293 0.357 0.322 0.371 0.158 0.249 0.338 0.336 0.29 0.193 0.274 0.231 0.316 0.266 0.352 0.134 0.252 0.326 0.258 0.368 0.353 0.334 0.267 0.326 0.11 0.21 0.216 0.157 0.156 0.264 0.312 0.331 0.24 0.253 0.321 0.279 0.097 0.279 0.21 0.292 0.377 0.366 0.119 0.289 0.227 0.352 0.328 0.098 0.297 0.181 0.347 
0.069 0.064 0.045 0.058 0.051 0.048 0.067 0.037 0.06 0.037 0.051 0.031 0.03 0.049 0.064 0.061 0.065 0.033 0.061 0.07 0.068 0.068 0.066 0.059 0.054 0.063 0.049 0.057 0.031 0.065 0.035 0.032 0.059 0.05 0.062 0.041 0.03 0.058 0.051 0.06 0.067 0.033 0.061 0.069 0.052 0.056 0.059 0.048 0.06 0.05 0.048 0.059 0.049 0.045 0.049 0.035 0.039 0.068 0.062 0.043 0.062 0.069 0.045 0.052 
1.033 0.904 0.991 0.876 1.177 0.907 1.147 0.985 0.884 0.885 1.138 1.094 0.909 0.81 1.077 0.904 1.044 1.048 0.968 1.064 0.903 0.928 0.8 1.185 1.198 0.948 0.903 1.053 1.065 1.02 1.062 0.97 1.197 0.852 1.046 0.845 0.959 0.992 1.031 1.116 1.15 1.041 1.01 0.932 1.124 0.959 1.036 0.968 0.806 0.804 0.831 0.982 1.005 0.904 0.966 1.003 1.125 1.142 0.928 0.989 1.034 1.19 1.16 1.031 
2.709 2.72 2.505 2.761 2.611 2.597 2.78 2.961 2.555 2.891 2.784 2.727 2.628 2.625 2.894 2.99 2.988 2.567 2.759 2.8 2.783 2.834 2.597 2.559 2.991 2.9 2.659 2.954 2.539 2.699 2.929 2.995 2.92 2.68 2.755 2.53 2.524 2.781 2.737 2.579 2.918 2.768 2.552 2.545 2.893 2.946 2.781 2.88 2.759 2.787 2.926 2.541 2.62 2.523 2.847 2.857 2.923 2.506 2.556 2.962 2.952 2.731 2.956 2.871 
0.956 0.237 0.526 0.066 0.711 0.812 0.089 0.605 0.963 0.613 0.401 0.802 0.181 0.846 0.43 0.555 0.623 0.322 0.798 0.765 0.957 0.694 0.415 0.185 0.734 0.275 0.426 0.592 0.365 0.086 0.172 0.238 0.313 0.596 0.294 0.922 0.417 0.374 0.536 0.297 0.885 0.836 0.016 0.075 0.691 0.436 0.528 0.231 0.749 0.244 0.894 0.623 0.836 0.318 0.706 0.579 0.583 0.142 0.18 0.939 0.218 0.25 0.094 0.429 
1 1 1 1 1 1 1 1 1 1 1 1 1 1 1 1 1 1 1 1 1 1 1 1 1 1 1 1 1 1 1 1 1 1 1 1 1 1 1 1 1 1 1 1 1 1 1 1 1 1 1 1 1 1 1 1 1 1 1 1 1 1 1 1 
74 97 103 50 29 32 91 102 65 111 116 127 97 128 53 20 69 63 44 122 67 94 95 61 114 1 89 40 104 21 1 49 117 103 98 17 6 60 118 70 43 106 68 11 105 120 30 45 54 73 38 121 38 4 53 23 4 13 62 107 33 62 27 22 
37 125 38 42 56 28 112 98 5 51 108 109 43 9 25 96 82 62 88 119 65 12 14 68 24 75 47 57 9 73 78 45 69 115 86 125 14 69 94 18 120 74 126 34 82 22 1 35 83 89 26 19 100 39 87 124 113 5 52 121 77 1 37 18 
115 123 14 1 63 107 18 54 52 16 87 6 37 88 40 120 48 65 10 19 103 96 14 88 100 65 80 49 65 117 66 52 111 79 52 45 57 69 99 109 84 57 114 121 16 25 112 63 90 121 82 64 89 95 23 60 32 103 108 96 91 45 19 73 
123 70 117 52 11 87 32 94 16 17 86 31 41 69 94 2 62 47 66 22 13 88 81 44 62 61 12 24 105 30 96 100 100 85 23 110 43 54 75 58 70 33 89 110 101 54 112 34 100 49 55 112 8 8 28 70 68 39 93 44 68 61 15 39 
17 37 20 59 90 95 117 31 127 77 13 99 2 124 5 101 44 59 84 51 66 111 120 5 21 85 49 89 17 63 127 33 100 19 91 61 113 79 92 111 27 104 81 28 99 85 128 14 16 84 64 81 66 56 86 87 12 6 47 28 68 45 60 39 
63 22 100 47 101 63 29 127 38 110 27 8 66 26 21 81 109 84 34 47 11 119 5 22 124 51 49 63 95 108 102 30 2 73 76 102 7 105 100 44 86 126 51 23 24 71 104 4 26 9 50 37 127 54 58 122 104 107 56 71 86 29 100 87 
101 47 60 107 23 32 22 108 29 72 3 52 14 106 56 40 114 105 76 112 31 5 105 6 111 32 76 69 61 47 27 33 94 87 12 116 118 33 96 18 105 98 70 118 75 125 29 60 101 104 43 3 109 19 9 91 50 84 31 110 3 58 15 96 
16 26 83 5 58 50 22 34 19 91 24 93 87 52 24 60 28 66 62 8 84 70 98 6 26 1 115 28 58 1 123 73 26 77 77 84 127 98 117 17 61 12 110 19 64 5 78 91 71 12 98 26 81 67 31 106 67 18 5 124 18 127 68 44 
76 16 127 74 114 115 90 46 127 71 64 62 76 14 24 18 25 121 43 105 59 74 83 126 91 87 121 108 86 61 23 33 76 21 106 61 8 67 106 6 10 42 67 85 55 90 102 79 82 16 55 12 89 9 9 51 96 2 31 53 62 53 85 9 
74 62 70 81 128 47 86 9 88 24 93 14 113 66 92 66 82 19 77 42 27 86 93 122 87 123 46 20 47 2 28 120 63 97 72 63 16 29 71 103 52 36 117 36 101 80 101 54 98 50 96 125 7 60 118 93 54 36 112 100 37 11 92 100 
108 35 34 123 64 104 97 115 11 85 23 112 37 123 37 6 44 4 2 50 63 120 14 116 27 125 88 63 8 51 34 115 85 67 109 20 43 77 7 53 34 29 36 70 23 73 75 67 76 77 116 11 68 2 126 94 126 85 28 5 7 62 119 92 
128 99 111 42 48 117 95 81 17 2 22 40 74 96 106 22 44 93 32 111 94 29 76 92 114 104 96 120 37 87 83 36 57 66 78 104 54 44 56 71 45 77 110 119 45 87 12 88 51 43 71 17 71 18 108 56 121 75 48 29 33 2 65 90 
67 14 65 121 57 121 63 101 69 44 91 113 2 102 73 52 16 15 68 87 32 47 14 25 122 61 53 26 63 117 115 1 2 52 121 58 44 55 31 112 98 121 97 99 95 41 23 110 55 90 68 86 9 82 110 2 14 35 27 76 23 14 77 25 
65 69 82 108 124 112 91 93 105 59 64 71 99 86 52 25 47 120 111 55 73 92 56 86 126 83 34 21 96 110 45 32 50 126 11 45 110 101 10 86 32 73 28 2 30 79 27 76 70 9 3 14 100 58 100 98 12 5 118 107 114 34 10 35 
31 20 80 12 121 89 97 24 33 124 25 62 75 51 9 16 59 11 30 31 69 1 128 80 5 117 59 118 22 68 24 52 88 103 64 80 63 32 103 95 28 127 28 102 50 37 117 108 47 18 10 115 18 9 67 22 125 125 11 18 64 35 70 23 
9 5 102 72 36 76 38 63 75 66 36 124 102 25 103 20 42 113 7 60 121 73 81 118 69 92 7 4 126 76 27 6 80 128 77 116 76 115 50 22 52 86 17 25 110 119 44 23 103 50 82 96 122 35 85 62 126 91 66 123 39 92 128 118 
91 77 105 38 63 27 59 114 112 75 10 93 66 53 115 40 103 69 7 96 103 91 30 100 54 95 94 92 58 93 81 20 41 58 58 103 84 116 88 67 63 97 31 128 22 17 39 124 85 46 91 59 8 120 30 61 86 123 24 15 88 105 35 128 
34 92 103 117 79 62 55 13 31 85 12 52 101 51 47 58 96 9 116 103 1 18 36 86 12 59 101 99 35 7 99 68 98 73 56 48 6 110 61 36 66 72 87 39 122 5 96 89 14 83 64 14 100 99 99 112 29 71 82 64 77 52 3 46 
124 59 94 2 40 26 37 106 97 124 16 91 128 111 51 13 65 114 26 37 84 125 20 113 67 101 48 16 25 50 61 20 108 26 21 20 51 58 125 20 53 12 110 52 122 32 65 58 18 90 94 101 86 113 85 25 86 4 40 110 54 100 1 33 
126 22 52 48 79 48 67 3 59 48 54 52 80 118 110 97 80 75 69 37 60 26 61 17 29 100 126 82 72 126 115 69 19 38 116 97 86 55 99 16 102 25 68 53 14 49 21 93 123 90 2 54 115 62 70 15 34 67 97 105 65 83 45 83 
120 32 52 77 86 22 93 60 46 32 112 60 80 5 24 74 94 25 128 80 87 69 94 120 8 62 96 72 16 12 26 8 43 77 84 1 99 48 60 16 79 43 75 30 47 99 104 12 123 103 91 81 43 57 72 50 118 39 121 6 50 19 13 93 
95 96 93 65 16 24 81 94 66 27 124 113 125 99 124 120 73 87 72 115 15 16 37 4 54 29 9 104 47 21 68 14 117 32 78 4 55 30 97 120 57 92 104 53 62 100 44 6 58 116 121 72 3 29 75 56 57 84 31 104 104 98 117 92 
1 66 95 55 96 64 47 24 27 22 76 89 121 120 94 50 107 86 121 109 114 68 36 43 23 67 18 126 36 6 90 37 71 56 91 38 119 9 61 18 31 9 106 23 128 71 73 106 29 65 86 14 4 121 56 26 59 73 24 95 78 113 3 21 
40 93 58 31 102 119 48 4 127 25 26 126 95 98 103 123 35 60 9 38 52 64 64 111 9 87 77 86 71 79 106 110 43 36 12 16 26 59 19 24 83 45 21 50 14 123 44 48 54 52 86 105 116 21 87 124 107 35 81 49 113 59 30 28 
94 42 43 119 100 62 14 55 106 34 104 119 28 19 39 81 71 124 57 58 16 16 53 122 50 5 42 35 63 71 62 28 112 104 18 84 37 31 10 14 64 113 5 91 3 43 43 73 38 100 2 53 115 54 46 36 59 87 70 121 29 3 21 13 
107 38 96 15 69 105 29 4 89 33 95 91 75 9 36 112 108 37 36 94 91 81 2 21 39 71 13 67 74 33 79 52 71 46 66 11 22 94 14 110 126 108 73 72 117 108 55 96 16 90 62 106 42 63 126 80 5 11 19 78 43 97 1 113 
15 67 123 36 32 9 18 30 116 90 101 104 69 28 72 84 117 5 62 31 67 59 110 71 69 128 21 112 97 21 96 111 87 91 18 119 99 35 20 86 124 120 62 64 19 5 20 8 9 81 38 75 11 19 17 80 19 37 63 115 58 30 97 16 
120 114 6 90 21 25 48 16 17 109 80 35 113 99 42 121 51 79 67 61 98 83 12 116 120 74 102 49 104 70 64 95 55 70 57 75 94 104 91 110 84 42 17 68 12 58 60 62 9 126 122 106 80 6 93 71 79 66 119 54 7 55 21 61 
124 77 8 89 52 98 71 7 11 87 74 22 16 5 83 24 2 76 1 81 81 93 24 32 30 14 85 36 68 105 97 63 53 104 24 104 73 94 110 83 52 55 104 67 59 58 91 60 5 91 13 86 56 36 117 85 49 73 121 117 50 89 51 102 
64 74 78 8 39 59 90 90 114 65 29 44 122 119 104 126 81 116 83 8 23 71 93 71 16 85 59 65 45 110 38 108 55 115 115 94 46 76 55 31 12 83 74 5 73 49 2 26 36 85 33 58 27 125 1 42 81 59 106 125 40 16 104 95 
2 90 60 47 37 114 77 48 69 23 52 13 71 54 38 107 10 71 36 36 67 36 78 20 95 55 16 6 70 120 100 72 81 31 118 118 17 67 37 85 89 89 97 31 14 7 9 23 77 45 58 15 80 7 34 46 62 50 52 3 41 23 74 121 
54 64 110 70 2 19 26 90 107 122 120 120 128 1 14 76 45 71 91 124 78 124 42 11 45 93 13 85 115 87 78 40 22 59 109 23 77 6 112 55 128 103 46 127 103 59 75 19 2 37 15 79 32 56 89 77 20 101 33 6 59 110 46 80 
41 26 102 117 32 85 44 31 60 89 29 34 20 103 53 21 11 67 99 43 122 59 119 13 31 23 18 90 5 63 41 45 89 15 33 120 99 76 22 30 37 50 64 56 25 116 76 35 54 46 77 47 104 67 59 6 90 76 95 94 11 8 10 99 
22 42 90 120 118 111 22 26 32 85 81 56 72 28 91 125 73 39 43 48 106 101 53 67 48 20 32 58 27 41 28 48 82 117 39 71 99 60 96 3 16 48 58 87 75 20 83 19 59 125 66 36 97 119 102 17 10 5 74 36 45 102 83 126 
90 121 69 61 53 36 63 68 84 120 27 30 12 109 49 70 106 114 105 74 104 78 90 113 82 36 20 126 9 102 123 98 95 63 30 19 99 92 86 54 84 112 83 95 93 3 36 70 117 12 15 92 89 105 77 42 12 96 39 20 70 33 117 36 
96 19 54 66 110 11 119 65 123 73 31 87 76 66 28 64 77 42 27 37 18 103 78 29 71 116 48 12 21 37 47 116 55 100 53 36 110 43 101 104 115 3 62 62 69 89 125 17 3 24 54 20 126 3 49 68 119 96 79 11 4 125 126 58 
96 50 94 78 92 66 53 78 68 115 12 8 75 8 25 77 31 78 97 29 80 17 96 70 112 47 80 116 43 77 45 11 126 10 88 89 75 12 39 15 126 50 22 73 57 46 21 88 123 117 116 75 5 83 16 117 1 96 104 44 44 20 54 42 
30 13 2 104 24 40 118 22 89 12 94 18 57 114 105 52 103 92 126 107 46 13 95 47 108 70 90 24 90 15 65 119 27 66 94 50 106 84 71 66 95 36 83 23 22 59 74 124 22 71 102 68 84 69 114 63 10 75 86 99 89 22 89 115 
88 55 36 65 10 107 2 104 14 85 126 35 15 72 30 37 14 4 104 97 72 89 32 81 35 117 52 123 11 12 109 98 66 16 34 75 122 35 50 8 119 48 42 6 119 72 42 4 75 17 101 18 105 4 98 11 120 21 5 2 33 113 99 98 
128 4 45 122 39 94 1 29 13 42 34 3 113 75 7 59 91 107 76 67 110 46 77 101 66 81 103 98 65 73 68 65 77 112 58 115 77 58 15 90 99 49 92 84 123 98 14 86 76 90 24 57 7 101 30 72 53 4 42 118 76 109 54 24 
92 111 10 40 40 25 1 10 73 93 93 67 62 107 24 10 68 48 66 74 20 95 17 72 98 58 61 46 38 114 69 1 96 79 41 7 103 41 17 47 5 109 113 67 87 9 76 26 56 13 99 75 108 116 18 77 45 79 122 83 64 63 83 32 
13 123 38 115 36 54 33 40 35 17 106 121 25 53 19 80 66 117 26 45 104 44 121 21 122 115 103 57 49 57 88 61 52 126 47 87 51 79 126 85 95 104 78 120 28 96 71 93 84 97 9 60 12 2 80 5 116 54 61 36 110 21 96 33 
18 14 119 68 92 117 25 58 92 102 49 119 69 120 84 24 88 92 83 99 93 34 103 80 87 35 115 69 55 82 101 72 95 92 12 58 80 36 116 43 9 36 33 77 27 116 100 114 80 55 84 44 88 58 124 47 93 110 115 19 64 87 91 30 
50 102 88 1 9 75 43 17 110 76 93 9 63 64 122 14 118 78 58 78 7 53 124 99 34 110 118 97 68 80 127 118 53 86 118 61 32 33 77 13 108 41 21 42 104 15 56 94 92 113 43 98 37 38 69 70 19 58 39 86 9 37 75 61 
122 65 121 25 97 69 37 76 109 58 117 84 72 44 49 35 28 91 4 64 128 72 6 18 1 44 104 9 80 50 69 73 114 61 97 82 1 5 29 109 62 18 65 5 61 113 39 89 76 43 24 75 114 29 93 115 72 68 123 23 117 64 95 103 
124 63 56 125 68 85 105 1 102 41 6 34 26 44 122 101 86 18 47 72 46 11 58 118 78 52 12 67 115 107 41 111 41 96 107 108 52 83 109 25 124 114 59 21 29 52 121 115 69 39 58 115 50 115 104 127 38 115 65 25 93 105 7 6 
73 113 113 124 67 93 21 62 78 79 82 107 2 74 93 71 113 22 57 34 8 32 32 45 18 97 69 111 73 75 116 17 59 100 13 126 65 33 59 14 111 13 120 112 86 84 54 70 105 110 103 112 13 7 29 31 103 97 13 47 44 128 64 102 
99 76 99 35 108 30 49 90 42 40 73 127 124 127 69 100 108 43 84 121 49 112 23 23 80 35 70 123 34 5 97 4 80 67 39 59 96 87 20 9 126 92 8 121 90 76 93 70 118 48 62 39 31 84 61 110 118 2 105 23 6 73 26 85 
11 64 15 107 22 34 115 20 126 122 12 87 69 104 28 59 23 89 97 53 44 29 35 33 31 11 55 36 83 81 121 93 16 7 71 38 41 58 57 38 51 68 124 120 44 24 50 66 112 18 119 28 46 25 60 76 35 115 112 117 67 104 81 82 
110 24 119 22 81 47 59 3 115 55 122 30 78 43 95 61 60 85 88 106 109 20 53 15 6 36 3 72 11 84 25 121 107 16 14 59 62 73 61 48 127 55 77 76 97 44 8 29 128 96 6 109 115 58 123 120 94 126 63 104 81 87 96 59 
-1 -1 -1 -1 -1 -1 -1 -1 102 110 117 36 54 -1 -1 -1 49 -1 83 -1 -1 -1 -1 52 -1 -1 -1 103 -1 -1 -1 -1 32 -1 -1 -1 -1 -1 127 -1 -1 -1 -1 -1 -1 -1 -1 -1 -1 -1 
-1 -1 -1 -1 -1 -1 -1 -1 -1 72 -1 -1 75 6 100 74 -1 101 -1 105 -1 -1 -1 -1 54 -1 -1 -1 -1 -1 -1 -1 -1 -1 -1 -1 -1 -1 -1 87 -1 -1 -1 -1 -1 -1 -1 -1 -1 -1 
-1 -1 -1 -1 -1 -1 -1 -1 -1 -1 -1 -1 -1 -1 34 -1 49 78 -1 -1 127 -1 -1 -1 -1 -1 -1 -1 -1 -1 -1 -1 -1 -1 -1 -1 -1 -1 -1 -1 46 -1 -1 -1 -1 -1 -1 -1 -1 -1 
-1 -1 -1 -1 -1 -1 -1 -1 -1 -1 -1 -1 -1 -1 -1 -1 -1 -1 12 103 126 99 70 -1 -1 56 -1 -1 -1 -1 -1 -1 -1 72 -1 -1 -1 -1 -1 -1 -1 51 -1 -1 -1 -1 -1 -1 -1 -1 
-1 -1 -1 -1 -1 -1 -1 -1 -1 -1 44 -1 -1 -1 -1 107 -1 -1 -1 -1 -1 -1 -1 104 92 62 27 -1 67 -1 93 -1 -1 -1 25 -1 -1 -1 -1 -1 -1 -1 10 -1 -1 -1 -1 -1 -1 -1 
-1 -1 -1 -1 -1 -1 -1 -1 -1 -1 -1 39 -1 -1 -1 -1 -1 -1 -1 -1 -1 -1 31 -1 -1 -1 -1 109 112 3 -1 -1 -1 -1 -1 -1 -1 -1 -1 -1 -1 -1 -1 85 -1 -1 -1 -1 -1 -1 
-1 -1 -1 -1 -1 -1 -1 -1 -1 -1 -1 -1 -1 -1 -1 -1 -1 -1 -1 -1 -1 -1 -1 -1 -1 -1 38 -1 -1 -1 90 118 -1 -1 -1 86 -1 -1 -1 -1 -1 -1 -1 -1 39 -1 -1 -1 -1 -1 
-1 -1 -1 -1 -1 -1 -1 -1 -1 -1 -1 -1 -1 -1 -1 -1 -1 -1 -1 -1 -1 -1 -1 -1 -1 -1 -1 -1 -1 117 -1 3 51 91 128 21 -1 -1 -1 -1 -1 -1 -1 -1 -1 32 -1 -1 -1 -1 
-1 -1 -1 -1 -1 -1 -1 -1 -1 -1 -1 -1 -1 -1 -1 -1 -1 -1 -1 -1 -1 -1 -1 -1 -1 -1 -1 -1 -1 -1 -1 -1 -1 -1 -1 -1 55 -1 -1 -1 -1 -1 -1 -1 -1 -1 -1 -1 -1 -1 
-1 -1 -1 -1 -1 -1 -1 -1 -1 -1 -1 -1 -1 -1 -1 -1 -1 -1 -1 -1 -1 -1 -1 -1 -1 -1 -1 -1 -1 -1 -1 -1 -1 -1 -1 -1 92 -1 -1 -1 -1 -1 -1 -1 -1 -1 -1 -1 -1 -1 
-1 -1 -1 -1 -1 -1 -1 -1 -1 -1 -1 -1 -1 -1 -1 -1 -1 -1 -1 -1 -1 -1 -1 -1 -1 -1 -1 -1 -1 -1 -1 -1 -1 -1 -1 -1 83 -1 -1 -1 -1 -1 -1 -1 -1 -1 -1 -1 -1 -1 
-1 -1 -1 -1 -1 -1 -1 -1 -1 -1 -1 -1 -1 -1 -1 -1 -1 -1 -1 -1 -1 -1 -1 -1 -1 -1 -1 -1 -1 -1 -1 -1 -1 -1 -1 -1 98 -1 -1 -1 -1 -1 -1 -1 -1 -1 -1 -1 -1 -1 
-1 -1 -1 -1 -1 -1 -1 -1 -1 -1 -1 -1 -1 -1 -1 -1 -1 -1 -1 -1 -1 -1 -1 -1 -1 -1 -1 -1 -1 -1 -1 -1 -1 -1 -1 -1 71 -1 -1 -1 -1 -1 -1 -1 -1 -1 -1 -1 -1 -1 
-1 -1 -1 -1 -1 -1 -1 -1 -1 -1 -1 -1 -1 -1 -1 -1 -1 -1 -1 -1 -1 -1 -1 -1 -1 -1 -1 -1 -1 -1 -1 -1 -1 -1 -1 -1 58 -1 -1 -1 -1 -1 -1 -1 -1 -1 -1 -1 -1 -1 
-1 -1 -1 -1 -1 -1 -1 -1 -1 -1 -1 -1 -1 -1 -1 -1 -1 -1 -1 -1 -1 -1 -1 -1 -1 -1 -1 -1 -1 -1 -1 -1 -1 -1 -1 -1 61 -1 -1 -1 -1 -1 -1 -1 -1 -1 -1 -1 -1 -1 
-1 -1 -1 -1 -1 -1 -1 -1 -1 -1 -1 -1 -1 -1 -1 -1 -1 -1 -1 -1 -1 -1 -1 -1 -1 -1 -1 -1 -1 -1 -1 -1 -1 -1 -1 -1 4 -1 -1 -1 -1 -1 -1 -1 -1 -1 -1 -1 -1 -1 
-1 -1 -1 -1 -1 -1 -1 -1 -1 -1 -1 -1 -1 -1 -1 -1 -1 -1 -1 -1 -1 -1 -1 -1 -1 -1 -1 -1 -1 -1 -1 -1 -1 -1 -1 -1 85 -1 -1 -1 -1 -1 -1 -1 -1 -1 -1 -1 -1 -1 
-1 -1 -1 -1 -1 -1 -1 -1 -1 -1 -1 -1 -1 -1 -1 -1 -1 -1 -1 -1 -1 -1 -1 -1 -1 -1 -1 -1 -1 -1 -1 -1 -1 -1 -1 -1 127 -1 -1 -1 -1 -1 -1 -1 -1 -1 -1 -1 -1 -1 
-1 -1 -1 -1 -1 -1 -1 -1 -1 -1 -1 -1 -1 -1 -1 -1 -1 -1 -1 -1 -1 -1 -1 -1 -1 -1 -1 -1 -1 -1 -1 -1 -1 -1 -1 -1 96 -1 -1 -1 -1 -1 -1 -1 -1 -1 -1 -1 -1 -1 
-1 -1 -1 -1 -1 -1 -1 -1 -1 -1 -1 -1 -1 -1 -1 -1 -1 -1 -1 -1 -1 -1 -1 -1 -1 -1 -1 -1 -1 -1 -1 -1 -1 -1 -1 -1 109 -1 -1 -1 -1 -1 -1 -1 -1 -1 -1 -1 -1 -1 
-1 -1 -1 -1 -1 -1 -1 -1 -1 -1 -1 -1 -1 -1 -1 -1 -1 -1 -1 -1 -1 -1 -1 -1 -1 -1 -1 -1 -1 -1 -1 -1 -1 -1 -1 -1 8 -1 -1 -1 -1 -1 -1 -1 -1 -1 -1 -1 -1 -1 
-1 -1 -1 -1 -1 -1 -1 -1 -1 -1 -1 -1 -1 -1 -1 -1 -1 -1 -1 -1 -1 -1 -1 -1 -1 -1 -1 -1 -1 -1 -1 -1 -1 -1 -1 -1 6 -1 -1 -1 -1 -1 -1 -1 -1 -1 -1 -1 -1 -1 
-1 -1 -1 -1 -1 -1 -1 -1 -1 -1 -1 -1 -1 -1 -1 -1 -1 -1 -1 -1 -1 -1 -1 -1 -1 -1 -1 -1 -1 -1 -1 -1 -1 -1 -1 -1 11 -1 -1 -1 -1 -1 -1 -1 -1 -1 -1 -1 -1 -1 
-1 -1 -1 -1 -1 -1 -1 -1 -1 -1 -1 -1 -1 -1 -1 -1 -1 -1 -1 -1 -1 -1 -1 -1 -1 -1 -1 -1 -1 -1 -1 -1 -1 -1 -1 -1 116 -1 -1 -1 -1 -1 -1 -1 -1 -1 -1 -1 -1 -1 
-1 -1 -1 -1 -1 -1 -1 -1 -1 -1 -1 -1 -1 -1 -1 -1 -1 -1 -1 -1 -1 -1 -1 -1 -1 -1 -1 -1 -1 -1 -1 -1 -1 -1 -1 -1 117 -1 -1 -1 -1 -1 -1 -1 -1 -1 -1 -1 -1 -1 
-1 -1 -1 -1 -1 -1 -1 -1 -1 -1 -1 -1 -1 -1 -1 -1 -1 -1 -1 -1 -1 -1 -1 -1 -1 -1 -1 -1 -1 -1 -1 -1 -1 -1 -1 -1 14 -1 -1 -1 -1 -1 -1 -1 -1 -1 -1 -1 -1 -1 
-1 -1 -1 -1 -1 -1 -1 -1 -1 -1 -1 -1 -1 -1 -1 -1 -1 -1 -1 -1 -1 -1 -1 -1 -1 -1 -1 -1 -1 -1 -1 -1 -1 -1 -1 -1 72 -1 -1 -1 -1 -1 -1 -1 -1 -1 -1 -1 -1 -1 
-1 -1 -1 -1 -1 -1 -1 -1 -1 -1 -1 -1 -1 -1 -1 -1 -1 -1 -1 -1 -1 -1 -1 -1 -1 -1 -1 -1 -1 -1 -1 -1 -1 -1 -1 -1 26 -1 -1 -1 -1 -1 -1 -1 -1 -1 -1 -1 -1 -1 
-1 -1 -1 -1 -1 -1 -1 -1 -1 -1 -1 -1 -1 -1 -1 -1 -1 -1 -1 -1 -1 -1 -1 -1 -1 -1 -1 -1 -1 -1 -1 -1 -1 -1 -1 -1 103 -1 -1 -1 -1 -1 -1 -1 -1 -1 -1 -1 -1 -1 
-1 -1 -1 -1 -1 -1 -1 -1 -1 -1 -1 -1 -1 -1 -1 -1 -1 -1 -1 -1 -1 -1 -1 -1 -1 -1 -1 -1 -1 -1 -1 -1 -1 -1 -1 -1 62 -1 -1 -1 -1 -1 -1 -1 -1 -1 -1 -1 -1 -1 
-1 -1 -1 -1 -1 -1 -1 -1 -1 -1 -1 -1 -1 -1 -1 -1 -1 -1 -1 -1 -1 -1 -1 -1 -1 -1 -1 -1 -1 -1 -1 -1 -1 -1 -1 -1 111 -1 -1 -1 -1 -1 -1 -1 -1 -1 -1 -1 -1 -1 
-1 -1 -1 -1 -1 -1 -1 -1 -1 -1 -1 -1 -1 -1 -1 -1 -1 -1 -1 -1 -1 -1 -1 -1 -1 -1 -1 -1 -1 -1 -1 -1 -1 -1 -1 -1 13 -1 -1 -1 -1 -1 -1 -1 -1 -1 -1 -1 -1 -1 
-1 -1 -1 -1 -1 -1 -1 -1 -1 -1 -1 -1 -1 -1 -1 -1 -1 -1 -1 -1 -1 -1 -1 -1 -1 -1 -1 -1 -1 -1 -1 -1 -1 -1 -1 -1 50 -1 -1 -1 -1 -1 -1 -1 -1 -1 -1 -1 -1 -1 
-1 -1 -1 -1 -1 -1 -1 -1 -1 -1 -1 -1 -1 -1 -1 -1 -1 -1 -1 -1 -1 -1 -1 -1 -1 -1 -1 -1 -1 -1 -1 -1 -1 -1 -1 -1 113 -1 -1 -1 -1 -1 -1 -1 -1 -1 -1 -1 -1 -1 
-1 -1 -1 -1 -1 -1 -1 -1 -1 -1 -1 -1 -1 -1 -1 -1 -1 -1 -1 -1 -1 -1 -1 -1 -1 -1 -1 -1 -1 -1 -1 -1 -1 -1 -1 -1 63 -1 -1 -1 -1 -1 -1 -1 -1 -1 -1 -1 -1 -1 
-1 -1 -1 -1 -1 -1 -1 -1 -1 -1 -1 -1 -1 -1 -1 -1 -1 -1 -1 -1 -1 -1 -1 -1 -1 -1 -1 -1 -1 -1 -1 -1 -1 -1 -1 -1 12 -1 -1 -1 -1 -1 -1 -1 -1 -1 -1 -1 -1 -1 
-1 -1 -1 -1 -1 -1 -1 -1 -1 -1 -1 -1 -1 -1 -1 -1 -1 -1 -1 -1 -1 -1 -1 -1 -1 -1 -1 -1 -1 -1 -1 -1 -1 -1 -1 -1 -1 112 -1 -1 -1 -1 -1 -1 -1 -1 -1 -1 -1 -1 
-1 -1 -1 -1 -1 -1 -1 -1 -1 -1 -1 -1 -1 -1 -1 -1 -1 -1 -1 -1 -1 -1 -1 -1 -1 -1 -1 -1 -1 -1 -1 -1 -1 -1 -1 -1 -1 -1 83 43 38 47 125 7 117 55 -1 -1 -1 -1 
-1 -1 -1 -1 -1 -1 -1 -1 -1 -1 -1 -1 -1 -1 -1 -1 -1 -1 -1 -1 -1 -1 -1 -1 -1 -1 -1 -1 -1 -1 -1 -1 -1 -1 -1 -1 -1 -1 -1 -1 -1 -1 -1 -1 -1 -1 68 -1 -1 -1 
-1 -1 -1 -1 -1 -1 -1 -1 -1 -1 -1 -1 -1 -1 -1 -1 -1 -1 -1 -1 -1 -1 -1 -1 -1 -1 -1 -1 -1 -1 -1 -1 -1 -1 -1 -1 -1 -1 -1 -1 -1 -1 -1 -1 -1 -1 120 -1 -1 -1 
-1 -1 -1 -1 -1 -1 -1 -1 -1 -1 -1 -1 -1 -1 -1 -1 -1 -1 -1 -1 -1 -1 -1 -1 -1 -1 -1 -1 -1 -1 -1 -1 -1 -1 -1 -1 -1 -1 -1 -1 -1 -1 -1 -1 -1 -1 11 -1 -1 -1 
-1 -1 -1 -1 -1 -1 -1 -1 -1 -1 -1 -1 -1 -1 -1 -1 -1 -1 -1 -1 -1 -1 -1 -1 -1 -1 -1 -1 -1 -1 -1 -1 -1 -1 -1 -1 -1 -1 -1 -1 -1 -1 -1 -1 -1 -1 66 -1 -1 -1 
-1 -1 -1 -1 -1 -1 -1 -1 -1 -1 -1 -1 -1 -1 -1 -1 -1 -1 -1 -1 -1 -1 -1 -1 -1 -1 -1 -1 -1 -1 -1 -1 -1 -1 -1 -1 -1 -1 -1 -1 -1 -1 -1 -1 -1 -1 87 -1 -1 -1 
-1 -1 -1 -1 -1 -1 -1 -1 -1 -1 -1 -1 -1 -1 -1 -1 -1 -1 -1 -1 -1 -1 -1 -1 -1 -1 -1 -1 -1 -1 -1 -1 -1 -1 -1 -1 -1 -1 -1 -1 -1 -1 -1 -1 -1 -1 119 -1 -1 -1 
-1 -1 -1 -1 -1 -1 -1 -1 -1 -1 -1 -1 -1 -1 -1 -1 -1 -1 -1 -1 -1 -1 -1 -1 -1 -1 -1 -1 -1 -1 -1 -1 -1 -1 -1 -1 -1 -1 -1 -1 -1 -1 -1 -1 -1 -1 74 -1 -1 -1 
-1 -1 -1 -1 -1 -1 -1 -1 -1 -1 -1 -1 -1 -1 -1 -1 -1 -1 -1 -1 -1 -1 -1 -1 -1 -1 -1 -1 -1 -1 -1 -1 -1 -1 -1 -1 -1 -1 -1 -1 -1 -1 -1 -1 -1 -1 92 -1 -1 -1 
-1 -1 -1 -1 -1 -1 -1 -1 -1 -1 -1 -1 -1 -1 -1 -1 -1 -1 -1 -1 -1 -1 -1 -1 -1 -1 -1 -1 -1 -1 -1 -1 -1 -1 -1 -1 -1 -1 -1 -1 -1 -1 -1 -1 -1 -1 -1 2 -1 -1 
-1 -1 -1 -1 -1 -1 -1 -1 -1 -1 -1 -1 -1 -1 -1 -1 -1 -1 -1 -1 -1 -1 -1 -1 -1 -1 -1 -1 -1 -1 -1 -1 -1 -1 -1 -1 -1 -1 -1 -1 -1 -1 -1 -1 -1 -1 -1 -1 61 -1 
-1 -1 -1 -1 -1 -1 -1 -1 -1 -1 -1 -1 -1 -1 -1 -1 -1 -1 -1 -1 -1 -1 -1 -1 -1 -1 -1 -1 -1 -1 -1 -1 -1 -1 -1 -1 -1 -1 -1 -1 -1 -1 -1 -1 -1 -1 -1 -1 -1 80 
-1 -1 -1 -1 -1 -1 -1 -1 -1 -1 -1 -1 -1 -1 -1 -1 -1 -1 -1 -1 -1 -1 -1 -1 -1 -1 -1 -1 -1 -1 -1 -1 -1 -1 -1 -1 -1 -1 -1 -1 -1 -1 -1 -1 -1 -1 -1 -1 -1 -1 
