11 8
0 0 0 0 0 0 0 0 
15 90 85 80 24 49 26 29 
23 99 98 84 91 41 87 97 
76 85 30 55 57 90 56 34 
38 35 40 47 29 51 13 12 
57 19 73 67 79 83 84 91 
44 49 59 56 99 75 31 35 
53 96 71 99 68 64 71 74 
22 45 55 36 28 15 66 85 
31 71 97 79 36 39 53 79 
11 76 57 35 76 29 26 79 
-1 0 0 0 0 -1 -1 -1 -1 -1 -1 
-1 -1 -1 -1 -1 97 37 32 -1 -1 -1 
-1 -1 -1 -1 -1 58 -1 -1 -1 -1 -1 
-1 -1 -1 -1 -1 -1 28 -1 -1 -1 -1 
-1 -1 -1 -1 -1 -1 -1 94 -1 -1 -1 
-1 -1 -1 -1 -1 -1 -1 -1 12 100 -1 
-1 -1 -1 -1 -1 -1 -1 -1 61 -1 -1 
-1 -1 -1 -1 -1 -1 -1 -1 -1 12 -1 
-1 -1 -1 -1 -1 -1 -1 -1 -1 -1 50 
-1 -1 -1 -1 -1 -1 -1 -1 -1 -1 48 
-1 -1 -1 -1 -1 -1 -1 -1 -1 -1 -1 
