11 8
0.05 0.04 0.04 0.05 0.03 0.04 0.07 0.07
0.87 1.03 0.94 1.09 1.03 1.13 0.95 0.93
2.83 2.98 2.67 2.99 2.71 2.97 2.85 2.57
0.6 0.57 0.68 0.72 0.49 0.57 0.44 0.55
1.0 1.0 1.0 1.0 1.0 1.0 1.0 1.0
0 0 0 0 0 0 0 0
74 69 28 26 69 96 73 66
76 65 56 83 67 52 33 23
57 52 11 68 26 11 71 39
49 28 85 70 50 51 72 64
24 33 73 54 18 14 60 55
96 22 45 94 21 86 35 46
97 36 56 10 10 61 65 29
55 19 58 71 69 83 34 34
64 89 71 49 27 23 35 13
56 63 79 81 89 21 16 99
-1 0 0 0 0 -1 -1 -1 -1 -1 -1
-1 -1 -1 -1 -1 75 72 80 -1 -1 -1
-1 -1 -1 -1 -1 34 -1 -1 -1 -1 -1
-1 -1 -1 -1 -1 -1 80 -1 -1 -1 -1
-1 -1 -1 -1 -1 -1 -1 85 -1 -1 -1
-1 -1 -1 -1 -1 -1 -1 -1 62 28 -1
-1 -1 -1 -1 -1 -1 -1 -1 81 -1 -1
-1 -1 -1 -1 -1 -1 -1 -1 -1 30 -1
-1 -1 -1 -1 -1 -1 -1 -1 -1 -1 49
-1 -1 -1 -1 -1 -1 -1 -1 -1 -1 94
-1 -1 -1 -1 -1 -1 -1 -1 -1 -1 -1
