100 64
0.25 0.196 0.36 0.268 0.104 0.243 0.16 0.227 0.236 0.373 0.29 0.253 0.14 0.335 0.301 0.284 0.18 0.271 0.292 0.098 0.236 0.108 0.342 0.379 0.189 0.336 0.245 0.157 0.113 0.227 0.17 0.268 0.304 0.125 0.132 0.313 0.273 0.173 0.136 0.105 0.165 0.331 0.239 0.186 0.262 0.159 0.376 0.323 0.311 0.263 0.327 0.167 0.276 0.264 0.165 0.346 0.195 0.292 0.099 0.213 0.114 0.174 0.363 0.323 
0.032 0.061 0.052 0.042 0.044 0.043 0.069 0.032 0.031 0.045 0.038 0.056 0.039 0.035 0.034 0.046 0.058 0.047 0.042 0.067 0.037 0.053 0.061 0.043 0.047 0.059 0.044 0.054 0.059 0.045 0.048 0.061 0.035 0.03 0.032 0.052 0.045 0.033 0.056 0.046 0.048 0.066 0.033 0.059 0.031 0.038 0.034 0.061 0.057 0.048 0.058 0.065 0.031 0.05 0.039 0.05 0.038 0.055 0.034 0.069 0.03 0.052 0.059 0.037 
0.904 1.114 0.81 1.006 1.163 1.125 1.095 0.894 0.988 0.891 1.012 0.866 1.131 1.107 1.023 0.958 0.999 1.073 1.161 0.942 1.193 1.125 0.881 1.151 1.194 0.851 0.817 1.14 0.819 0.978 0.92 0.996 0.965 0.931 0.801 0.927 0.928 1.097 1.022 1.116 0.86 0.833 1.182 1.191 0.812 1.005 0.948 1.084 0.95 0.909 0.898 1.016 0.906 0.98 0.966 0.899 1.031 0.984 0.911 1.123 0.834 1.032 0.919 0.999 
2.898 2.765 2.5 2.673 2.524 2.9 2.762 2.993 2.884 2.531 2.759 2.883 2.807 2.832 2.782 2.64 2.762 2.795 2.869 2.589 2.552 2.76 2.571 2.958 2.978 2.685 2.688 2.829 2.556 2.974 2.606 2.7 2.739 2.853 2.874 2.509 2.999 2.882 2.749 2.882 2.913 2.507 2.511 2.72 2.585 2.539 2.86 2.847 2.834 2.728 2.683 2.887 2.734 2.5 2.59 2.712 2.685 2.778 2.54 2.989 2.999 2.893 2.688 2.984 
0.365 0.032 0.665 0.489 0.945 0.138 0.597 0.181 0.669 0.827 0.696 0.907 0.698 0.093 0.575 0.421 0.073 0.251 0.988 0.901 0.11 0.718 0.439 0.497 0.32 0.357 0.146 0.346 0.013 0.821 0.95 0.276 0.843 0.532 0.663 0.706 0.661 0.269 0.785 0.339 0.013 0.49 0.163 0.701 0.481 0.728 0.04 0.544 0.877 0.926 0.362 0.977 0.654 0.7 0.392 0.872 0.066 0.528 0.227 0.958 0.358 0.094 0.243 0.119 
1 1 1 1 1 1 1 1 1 1 1 1 1 1 1 1 1 1 1 1 1 1 1 1 1 1 1 1 1 1 1 1 1 1 1 1 1 1 1 1 1 1 1 1 1 1 1 1 1 1 1 1 1 1 1 1 1 1 1 1 1 1 1 1 
98 67 35 35 126 43 84 9 67 80 57 89 83 29 109 13 60 36 54 31 55 71 29 86 23 36 91 124 101 14 62 70 80 96 105 77 10 60 85 76 11 14 36 94 42 16 106 101 52 31 3 106 102 31 63 124 66 26 119 38 39 53 108 118 
20 84 66 30 15 23 105 26 36 13 119 77 28 96 50 79 126 52 57 99 83 119 94 20 16 85 58 54 9 37 43 28 120 109 57 6 3 34 31 38 46 21 114 73 116 35 24 114 87 80 84 41 70 50 60 86 6 117 11 14 25 54 41 16 
34 98 22 36 3 52 73 48 73 58 120 60 93 15 45 51 94 1 91 36 50 22 121 55 11 3 68 35 56 108 51 89 77 72 124 79 123 68 126 67 126 118 127 90 4 43 12 98 43 102 5 92 123 125 18 5 127 85 40 55 65 90 15 13 
33 11 92 27 78 89 94 75 78 92 36 82 6 47 51 49 20 55 12 15 51 30 19 49 114 58 103 50 19 118 63 51 128 26 78 77 114 43 24 64 6 59 17 11 106 67 59 125 121 71 11 43 100 30 91 85 87 66 7 106 55 69 28 54 
94 105 2 79 19 25 14 24 84 30 35 61 96 93 57 88 35 68 2 6 97 93 91 55 30 97 32 84 37 60 9 2 36 10 80 55 35 94 78 118 123 112 50 91 77 106 50 111 45 52 117 13 16 79 68 45 47 99 128 83 30 8 84 66 
17 35 120 51 128 69 40 123 53 89 85 1 67 6 111 111 57 99 124 72 49 63 116 95 33 115 49 63 122 4 128 11 39 119 61 38 59 101 32 111 61 116 111 127 122 94 110 50 64 105 122 113 39 109 79 71 96 128 5 89 3 4 99 41 
122 32 79 53 4 110 35 64 98 18 63 91 111 44 12 46 20 5 30 58 114 109 128 81 108 5 41 110 8 12 23 2 43 101 54 46 82 88 109 51 105 43 13 87 86 25 5 105 29 34 34 14 14 34 94 121 38 7 103 45 18 125 46 60 
97 99 105 50 59 85 101 35 128 113 122 85 9 126 62 38 31 95 51 45 128 17 37 37 23 11 82 40 7 127 99 103 98 75 25 28 31 125 62 30 109 55 115 118 52 48 27 83 14 77 127 14 93 35 50 115 46 3 26 52 2 124 27 99 
70 51 126 101 47 59 2 27 114 116 16 37 35 42 119 49 119 117 62 83 24 111 70 69 114 95 120 115 91 18 85 32 68 82 4 114 12 6 13 125 121 28 34 28 70 24 76 60 13 9 14 36 119 83 104 104 50 95 90 12 113 46 43 52 
127 47 38 11 52 50 7 44 77 40 71 18 64 18 77 76 26 91 111 17 45 86 120 94 52 82 105 36 127 20 88 126 66 125 8 117 46 14 32 122 54 103 12 117 120 88 64 18 50 46 34 95 3 25 60 54 106 37 90 105 56 49 102 121 
45 109 109 90 122 12 83 47 114 94 35 106 54 98 123 103 15 28 69 17 52 1 71 30 37 32 6 92 80 107 84 124 87 64 85 80 75 39 127 61 5 33 38 58 3 32 32 17 59 101 34 110 101 104 11 9 7 16 100 86 122 55 81 80 
118 37 32 64 75 30 124 79 62 33 8 64 64 40 81 122 12 114 104 112 89 114 120 95 2 91 52 123 17 4 75 6 40 106 69 114 7 65 65 68 97 72 4 33 111 84 26 122 69 1 105 29 115 96 123 116 58 46 110 74 49 56 79 88 
33 20 73 39 84 9 107 52 81 110 84 63 65 110 57 5 110 33 33 96 1 27 83 58 72 65 4 120 120 82 79 25 101 23 63 56 32 41 108 112 22 63 46 86 44 102 90 26 7 122 121 7 20 76 64 91 12 67 82 3 21 32 27 121 
55 90 49 86 2 28 69 24 90 114 109 6 88 71 31 94 64 23 100 84 98 35 46 109 102 128 112 122 31 10 114 85 99 34 42 101 61 110 124 23 96 104 28 55 46 58 20 110 80 119 65 50 25 110 30 126 109 13 119 12 23 105 96 121 
10 10 93 71 119 88 93 86 64 120 12 109 49 31 90 128 21 26 49 46 8 79 43 116 91 34 127 113 10 95 106 19 104 70 89 94 30 53 52 93 44 63 73 92 94 35 92 114 60 12 31 67 90 74 55 53 107 53 37 116 19 14 6 122 
84 95 88 113 19 11 77 63 73 21 26 38 55 117 24 115 1 54 53 90 127 107 14 105 32 51 92 50 64 98 44 19 64 3 3 82 13 79 16 85 100 42 123 26 30 18 12 30 71 65 120 70 43 5 46 74 55 10 124 119 107 39 9 42 
41 12 123 53 90 11 9 61 52 3 87 81 20 98 111 91 34 102 32 77 106 77 22 33 86 17 23 64 55 31 105 95 42 100 19 4 110 28 64 33 30 22 113 50 120 95 12 25 68 43 101 46 119 123 78 77 11 100 12 66 2 117 32 44 
88 51 47 69 78 110 101 107 4 85 28 123 52 39 19 119 81 120 36 72 114 113 20 124 84 31 61 86 19 93 1 106 15 47 46 92 28 18 70 31 103 98 25 26 8 44 16 89 35 52 32 20 36 51 15 120 81 76 77 100 40 77 77 54 
123 123 17 22 12 86 53 114 55 77 11 63 120 27 23 26 78 54 45 113 104 60 104 56 7 52 27 46 128 104 99 122 98 115 16 109 72 68 95 127 16 105 61 8 3 83 33 80 8 78 65 111 9 40 38 15 92 65 60 91 40 30 85 9 
16 100 117 87 39 83 85 54 60 17 61 62 99 94 14 106 43 78 88 51 117 126 65 80 62 124 43 101 25 127 109 40 98 97 126 8 52 83 61 111 99 122 44 70 87 57 47 1 6 7 51 123 4 115 74 65 110 116 37 6 114 17 45 83 
113 42 90 36 124 23 18 95 16 62 36 102 118 82 102 124 88 24 118 91 10 63 27 119 51 63 124 36 79 40 119 64 81 80 99 77 102 117 43 117 50 78 90 39 31 63 34 119 86 23 81 95 86 108 85 8 42 80 43 121 119 33 56 72 
113 26 20 86 14 62 75 63 11 36 102 41 99 7 31 56 30 112 23 115 91 107 122 4 59 36 124 49 69 51 120 53 77 11 10 90 72 84 25 82 120 126 123 90 4 25 17 33 8 39 19 98 18 12 102 76 48 97 124 116 20 116 40 96 
126 49 57 70 5 81 23 124 78 17 85 82 42 101 114 49 12 5 19 29 16 120 104 63 88 99 50 107 86 89 74 84 10 3 25 14 83 47 9 33 64 93 114 105 65 99 25 76 103 43 104 119 34 79 53 122 50 103 100 7 63 46 90 72 
48 114 85 2 33 93 34 96 57 19 72 122 118 96 69 92 11 45 82 44 123 7 37 44 109 9 51 43 54 12 115 101 126 71 102 30 36 8 125 92 26 68 85 15 35 26 107 45 70 60 89 64 66 125 108 46 5 30 89 58 41 75 30 38 
17 4 67 52 11 63 16 36 2 100 51 37 125 29 81 66 88 41 2 26 38 109 71 42 10 31 100 50 105 1 88 122 4 26 45 14 89 60 50 90 32 100 126 28 128 79 94 87 119 95 112 28 75 55 70 84 85 41 5 62 41 92 55 45 
118 99 58 78 31 107 39 62 78 37 89 77 115 54 36 105 20 19 5 94 73 74 49 30 114 54 91 26 17 17 70 6 115 128 83 17 106 122 78 56 30 39 4 16 92 39 120 112 58 124 77 2 69 126 31 54 51 121 80 67 9 21 73 124 
20 27 12 126 20 90 53 49 128 56 64 91 95 56 74 24 51 23 25 120 20 56 45 70 48 124 8 57 17 80 52 36 107 63 33 126 24 85 47 23 13 110 114 107 37 59 2 88 81 26 79 100 81 123 41 1 119 49 57 7 128 108 42 106 
42 75 104 66 31 22 88 43 3 73 21 40 4 22 127 84 48 77 56 128 71 96 128 61 16 56 67 16 35 109 121 77 55 96 14 85 117 101 128 120 46 20 31 49 42 29 4 89 105 59 88 47 27 88 108 42 15 46 57 50 26 50 126 80 
17 11 37 6 111 36 125 28 55 27 76 96 55 80 56 31 10 16 77 36 103 56 78 117 102 6 38 127 55 35 79 72 45 115 77 28 22 73 55 76 99 3 44 25 82 99 55 91 114 3 127 88 59 76 77 32 81 114 30 8 21 108 79 65 
94 27 92 115 99 19 63 69 21 106 93 102 76 19 64 62 21 62 21 79 9 97 110 90 83 12 97 103 119 47 39 85 73 3 71 43 21 5 111 41 110 75 14 58 93 77 119 113 11 11 64 19 108 45 108 62 56 76 36 47 122 74 3 66 
76 73 108 96 78 90 8 59 36 21 116 128 98 106 113 108 117 48 126 96 92 106 29 20 53 64 66 47 9 68 112 85 12 92 52 89 53 60 20 89 80 7 88 49 113 72 28 101 119 26 68 83 3 96 102 55 31 39 101 39 106 85 123 117 
48 47 78 100 106 97 60 57 103 20 106 87 91 5 59 82 30 126 36 32 93 9 87 123 47 59 34 24 15 28 12 62 74 89 34 51 57 93 108 32 112 85 118 75 89 49 28 119 46 63 22 11 71 108 5 117 39 38 12 53 66 23 115 11 
112 20 62 40 112 41 71 96 125 61 42 85 109 69 75 26 3 97 36 73 76 41 61 114 78 72 39 15 94 25 26 77 44 87 117 27 127 59 122 123 119 35 79 99 103 26 125 105 122 32 49 69 72 109 55 22 52 93 36 18 117 61 94 32 
19 82 58 17 13 52 11 3 86 90 102 61 115 98 37 108 1 86 48 73 66 102 94 118 66 1 7 54 62 100 85 80 54 15 97 66 66 107 68 23 68 41 83 54 10 120 33 11 77 81 83 14 54 48 3 120 48 9 45 109 109 2 61 34 
16 29 99 81 7 38 103 75 79 58 128 88 49 33 98 125 113 52 10 38 99 13 29 19 21 74 127 1 75 59 34 90 87 4 42 94 42 16 40 120 73 39 79 121 71 49 117 55 100 127 93 71 11 121 89 31 66 87 32 12 18 65 101 104 
69 14 69 110 30 108 101 102 19 51 95 89 99 83 16 71 81 108 13 91 100 101 122 38 59 25 49 76 89 22 52 29 35 120 10 64 100 110 38 118 33 4 78 3 86 93 73 39 72 85 1 44 57 122 81 116 18 1 63 107 22 114 7 57 
106 17 120 77 126 29 66 30 32 15 33 118 108 105 28 51 62 28 94 118 22 46 105 39 47 40 17 68 25 24 124 2 40 116 78 37 16 15 67 48 30 99 37 9 75 64 59 8 91 25 126 112 70 102 23 116 13 39 56 38 62 51 39 101 
38 117 10 54 3 76 101 32 46 9 40 120 72 99 128 34 123 125 18 64 98 40 52 111 78 107 20 12 29 58 112 67 46 121 120 49 68 92 80 113 100 120 105 43 90 104 76 84 100 93 19 69 4 70 51 82 48 70 93 77 128 76 15 45 
69 6 93 8 97 45 121 68 36 97 110 125 72 57 80 43 22 98 111 25 40 34 106 87 103 70 35 102 18 49 19 86 54 111 93 22 27 85 89 62 53 70 58 124 127 9 38 20 107 21 44 18 54 22 104 28 91 11 2 108 59 20 65 113 
2 30 6 29 114 95 90 39 36 20 34 34 28 72 53 6 92 97 23 17 118 127 44 80 9 45 60 67 64 124 51 66 25 57 94 11 23 55 49 58 74 82 92 102 25 16 107 116 112 2 4 101 128 48 53 8 92 112 74 28 107 125 93 4 
53 58 14 75 112 62 4 58 15 95 31 40 111 9 27 94 10 31 67 9 78 119 16 41 102 90 68 80 86 32 83 10 89 96 84 73 29 87 2 44 54 32 83 36 40 109 1 50 11 67 58 88 57 74 1 30 35 68 110 120 100 64 1 60 
32 84 4 60 42 5 103 95 36 57 2 76 38 3 125 48 69 54 8 126 127 8 27 33 75 8 24 46 72 24 106 103 107 109 34 21 114 9 115 21 65 117 96 102 119 92 22 59 18 29 56 16 36 83 49 110 90 72 28 33 96 5 7 74 
113 41 94 98 49 81 119 113 69 86 87 59 50 108 117 67 8 45 82 43 127 2 24 88 74 51 121 41 55 127 114 40 39 80 9 87 32 127 72 100 85 30 30 6 9 18 72 16 62 25 58 60 27 81 20 100 4 12 12 58 10 125 97 49 
76 106 7 107 104 78 78 60 107 107 65 115 125 8 2 58 33 59 118 59 12 9 30 15 20 41 72 29 37 41 77 113 18 84 91 121 33 41 53 12 19 117 126 15 125 128 73 29 58 62 87 69 70 116 83 89 28 27 117 64 67 66 48 84 
21 11 76 53 51 128 64 69 117 62 84 113 61 28 13 118 89 99 59 30 86 13 118 113 39 106 48 105 43 96 60 63 106 8 116 28 7 51 96 123 112 51 107 44 78 119 34 38 89 92 67 46 104 56 30 15 34 78 119 76 45 51 11 22 
58 126 49 64 48 16 59 32 67 37 75 16 28 108 54 116 71 120 34 47 48 63 61 81 12 51 28 56 101 38 77 30 35 125 94 83 13 24 114 79 60 60 94 87 40 19 75 110 11 108 28 58 42 88 10 54 11 37 109 111 75 58 13 109 
54 106 63 66 1 48 16 60 108 110 19 19 128 93 128 10 72 28 67 113 115 76 38 125 113 19 108 59 76 120 39 1 97 102 67 97 21 82 28 128 63 46 18 63 10 18 72 81 45 11 66 31 86 103 28 70 121 7 128 68 126 39 69 94 
12 7 62 32 88 89 32 23 7 49 85 16 66 28 97 110 38 34 13 124 8 40 65 1 46 65 68 43 103 8 8 114 14 69 17 102 29 48 124 35 97 80 51 34 107 19 16 17 52 28 12 59 67 76 59 112 12 127 26 114 6 33 99 20 
101 116 121 1 35 116 36 3 67 86 37 45 104 52 61 27 79 72 85 17 20 16 128 31 14 25 17 19 57 115 38 29 102 30 29 9 17 64 11 83 21 47 128 124 98 60 22 48 4 107 64 23 122 63 53 7 87 69 25 15 56 63 43 29 
92 72 37 109 7 48 63 28 94 62 23 64 122 45 111 125 23 47 19 16 109 71 22 68 12 46 82 67 108 125 95 72 68 4 52 74 51 114 101 16 48 124 79 41 40 62 37 62 108 55 77 88 125 98 27 8 15 109 74 123 105 41 66 44 
44 117 117 94 102 90 109 21 85 60 61 124 121 97 57 100 23 5 59 20 102 86 27 116 66 101 110 42 13 47 85 56 35 73 21 9 34 1 29 118 60 90 113 52 58 41 23 81 45 82 100 18 39 126 6 104 98 115 17 110 34 101 37 68 
45 57 76 79 58 105 68 117 66 53 41 123 93 63 75 10 16 46 27 54 44 32 29 13 19 45 123 52 17 31 119 62 88 67 12 17 43 79 5 108 3 45 102 96 108 49 105 123 94 3 49 9 35 77 22 53 122 16 104 10 46 94 71 5 
32 82 21 74 33 26 53 35 70 27 2 49 75 106 44 40 109 92 49 15 40 70 67 33 85 42 43 2 7 113 7 39 67 27 112 99 52 37 5 122 63 7 42 9 112 85 48 92 48 96 106 88 37 44 120 121 85 34 123 92 19 1 2 85 
27 113 55 79 21 59 72 83 65 113 91 49 70 11 12 117 106 118 76 15 33 68 7 118 101 1 81 119 1 82 75 28 66 1 106 87 60 49 41 124 33 4 44 102 14 56 91 119 45 38 5 77 105 12 66 78 12 18 68 13 99 15 40 37 
15 17 123 74 65 35 70 97 38 113 71 51 40 33 42 84 70 46 33 47 57 98 124 69 116 63 81 86 77 120 122 92 8 116 37 72 23 106 40 60 91 110 111 2 14 24 86 84 69 118 2 126 87 125 66 74 59 18 32 8 9 25 99 16 
13 7 87 35 113 126 94 75 108 76 76 121 99 33 76 40 22 77 37 109 73 102 54 4 119 85 11 127 110 109 14 122 115 100 28 99 97 121 45 76 69 121 69 39 25 16 78 47 93 114 27 37 87 80 40 77 37 50 75 18 30 88 11 17 
59 38 115 28 30 32 103 98 24 43 9 48 59 86 94 23 72 120 59 30 72 99 107 108 20 53 125 50 13 7 66 71 44 52 98 73 83 73 43 106 115 51 26 45 8 119 67 79 111 126 109 54 96 87 33 115 11 29 36 23 35 101 94 78 
25 63 22 107 7 64 85 122 114 110 38 122 100 105 72 82 102 52 7 69 10 39 55 21 67 91 43 101 63 8 50 87 71 72 66 77 7 22 70 121 3 108 114 102 84 57 56 57 109 62 125 118 101 51 10 39 13 53 12 76 60 61 34 2 
4 99 79 11 120 20 3 122 127 116 96 82 44 23 10 24 84 6 14 56 57 23 95 69 75 106 16 7 38 50 8 42 20 86 52 12 106 54 5 104 41 100 58 84 122 67 108 78 73 121 5 1 15 99 69 90 76 85 96 114 6 103 27 25 
61 78 36 38 3 41 13 43 12 70 126 6 9 105 83 81 97 87 81 112 58 21 73 5 105 40 118 110 14 16 7 74 93 42 111 95 82 124 9 94 65 7 99 73 111 53 25 80 11 105 63 68 126 7 73 102 46 62 84 59 78 90 5 42 
3 115 9 85 110 17 50 47 23 20 119 6 72 16 85 82 120 19 22 117 25 94 91 70 27 46 128 104 7 4 18 9 119 26 93 100 42 14 18 65 33 9 70 104 24 26 58 15 44 79 4 68 44 94 9 70 11 8 46 17 12 63 25 2 
88 118 101 1 3 119 65 36 127 6 11 22 31 68 36 74 18 39 13 61 4 21 3 14 29 48 30 40 110 55 41 69 44 13 69 46 3 6 81 1 11 92 22 42 31 58 115 49 96 128 109 100 20 111 113 48 30 15 87 11 69 127 79 112 
12 20 29 14 25 110 15 35 73 36 76 103 93 63 23 61 62 4 32 81 114 16 1 16 30 87 26 98 86 105 81 97 124 110 110 20 91 124 54 35 32 2 9 124 64 32 56 125 35 87 77 20 103 77 35 4 36 61 102 121 37 54 89 32 
35 70 51 125 66 104 31 97 105 40 92 40 71 20 36 105 106 113 124 80 61 31 84 96 91 57 88 127 110 48 30 17 118 80 13 55 55 44 23 32 83 114 71 25 5 107 1 111 91 124 62 23 26 17 119 116 73 78 114 55 126 15 71 115 
94 83 41 21 126 63 52 80 48 122 104 53 100 104 35 62 100 96 85 125 113 75 113 57 24 98 111 21 113 53 7 78 8 47 98 5 109 21 85 29 15 60 81 114 36 115 48 7 82 4 3 66 78 115 123 101 85 105 122 69 30 128 18 37 
47 116 41 27 8 125 55 22 57 7 8 92 121 55 98 75 58 100 12 7 87 6 107 43 111 100 111 12 100 128 48 18 115 88 44 123 85 99 16 13 105 23 104 98 77 73 44 6 44 55 12 2 61 119 44 43 90 26 54 61 26 101 78 12 
60 122 6 16 92 22 28 68 44 3 37 121 75 80 126 119 7 10 120 67 128 36 109 89 61 34 22 86 6 99 98 65 92 103 81 55 124 108 123 40 111 31 32 57 111 29 47 117 38 39 55 37 74 35 126 6 68 19 92 73 117 61 9 81 
35 89 7 31 69 1 70 51 32 101 107 14 1 26 2 39 64 56 75 9 90 72 14 29 90 105 101 79 37 109 31 72 70 37 102 10 38 43 60 69 15 38 82 15 63 83 53 126 10 128 6 99 71 20 127 33 124 99 111 33 79 13 104 20 
49 77 29 86 119 88 26 5 126 107 19 60 61 72 58 70 71 63 40 13 82 38 45 78 8 27 110 87 39 85 106 88 33 7 45 23 94 71 27 91 49 45 23 110 116 80 51 58 14 91 71 96 128 115 45 8 14 26 94 52 110 71 11 14 
77 56 36 43 126 62 5 46 106 27 27 94 106 78 23 120 40 93 87 39 80 3 46 93 28 11 16 9 82 27 22 30 82 57 72 79 118 77 124 95 103 23 60 81 100 83 72 11 47 30 49 126 32 95 90 59 105 106 67 58 4 88 88 85 
16 31 35 5 107 30 99 82 52 31 34 23 113 105 33 31 6 82 29 37 48 118 95 24 95 33 82 98 120 41 54 7 71 88 11 50 118 109 3 41 11 36 64 123 12 96 26 17 49 54 53 96 43 19 120 10 51 73 107 42 113 33 48 55 
120 58 104 109 38 106 22 49 13 85 43 24 52 68 40 101 121 92 68 36 110 59 45 32 3 23 73 115 55 120 42 47 49 17 27 87 123 48 7 7 4 49 31 56 117 70 28 109 34 95 16 15 26 60 47 28 83 119 15 9 111 56 55 31 
72 82 117 66 1 123 73 5 44 103 60 32 44 87 12 77 53 28 92 78 87 10 106 41 128 120 50 110 47 104 13 118 57 1 56 58 124 128 62 39 102 121 70 17 79 81 94 3 108 57 81 67 66 58 107 65 49 28 47 95 4 59 84 60 
59 11 117 54 10 50 92 111 42 33 128 120 114 93 123 93 21 75 31 86 4 10 22 52 37 68 18 40 126 101 100 57 112 88 110 121 10 74 104 51 106 103 43 91 67 37 56 87 111 86 44 114 95 65 37 4 5 54 43 2 26 14 58 9 
102 40 2 111 113 105 33 90 79 75 53 17 111 108 103 93 65 18 78 32 82 114 35 86 39 77 88 65 91 17 73 64 56 74 46 40 50 78 2 128 25 54 16 7 33 118 100 97 7 49 128 89 35 34 46 73 111 5 9 73 22 82 8 77 
27 53 117 77 2 118 76 26 43 92 33 75 81 4 43 88 52 43 48 86 76 93 31 58 98 39 2 119 120 9 67 19 61 55 95 63 44 42 88 86 5 120 32 86 123 75 45 47 117 92 4 64 56 34 122 25 73 123 15 64 4 82 82 64 
8 48 126 52 90 86 9 94 77 41 51 72 115 95 118 103 58 121 38 114 27 31 10 99 26 25 34 29 106 116 92 113 35 90 36 124 47 45 90 123 85 12 66 71 107 55 45 36 48 82 21 74 113 31 44 10 55 77 38 32 64 1 16 99 
90 52 94 8 96 55 3 52 67 68 122 45 123 38 80 42 119 101 115 103 3 30 112 57 106 21 88 42 22 103 12 111 26 105 119 121 32 121 44 98 60 37 14 54 74 93 95 65 65 81 39 67 110 23 123 88 43 82 1 64 57 12 47 82 
116 37 75 19 29 118 116 88 27 1 14 100 94 108 36 30 61 75 97 42 97 91 1 11 45 1 75 101 12 121 54 128 29 128 18 57 118 6 16 16 6 29 115 99 9 23 1 69 97 97 110 65 59 111 75 103 111 21 75 123 13 1 122 41 
128 11 97 117 16 113 4 22 13 119 120 21 13 120 89 109 88 71 45 19 53 119 121 35 12 68 29 24 68 22 65 67 33 33 56 48 17 59 69 30 49 61 50 61 52 11 41 12 81 85 30 5 76 22 39 87 89 68 110 28 89 46 95 121 
79 22 41 95 80 109 124 1 41 46 61 93 56 102 104 8 58 5 12 5 26 50 91 115 117 73 14 78 118 108 70 68 1 110 35 81 91 30 81 3 75 13 95 2 114 70 9 44 74 20 48 100 70 11 86 58 83 99 7 72 79 77 12 79 
58 46 31 20 75 111 23 22 124 117 23 109 59 32 24 4 51 72 103 120 82 60 50 36 31 56 107 109 4 118 59 62 35 90 81 110 72 103 3 67 92 25 48 22 56 71 25 107 14 128 98 95 59 19 2 89 75 109 69 78 98 128 11 5 
89 92 114 32 66 116 99 29 12 18 50 68 88 75 46 102 74 15 68 4 34 70 93 108 50 33 57 19 32 68 23 120 31 8 24 96 123 122 125 7 11 46 74 98 120 119 71 65 5 11 69 38 80 33 17 1 65 74 19 97 13 42 88 43 
49 111 10 44 104 6 50 114 52 123 84 43 113 26 108 117 36 48 27 115 80 43 115 16 116 6 112 128 47 72 42 95 54 52 10 30 57 59 15 108 53 98 23 37 124 2 26 31 49 52 18 128 94 4 15 82 9 127 81 55 70 123 22 123 
46 31 24 102 90 39 82 14 8 104 51 3 105 76 34 25 127 51 24 92 54 38 45 63 36 126 117 105 120 10 100 37 41 123 10 2 33 91 15 41 66 65 43 42 12 76 66 10 126 89 102 52 127 18 114 34 15 102 11 6 112 110 42 24 
104 52 25 9 14 39 49 80 104 91 121 115 39 59 125 36 19 98 87 17 115 72 51 2 46 61 7 29 42 49 52 17 100 76 25 113 114 73 64 89 36 57 76 74 115 72 109 5 41 68 22 27 11 72 28 56 4 35 84 45 83 7 61 54 
82 86 38 68 30 102 28 65 30 103 10 16 46 119 20 86 58 41 113 68 112 12 124 115 46 79 31 128 86 92 53 39 49 91 106 78 64 6 15 93 108 24 108 26 14 127 111 71 40 95 11 23 107 6 10 24 84 40 24 41 3 76 80 51 
38 57 1 101 62 15 65 42 38 44 67 52 43 49 122 82 16 4 104 122 9 113 17 93 25 40 5 27 116 84 78 25 13 78 126 74 92 62 115 1 106 53 52 20 102 46 101 117 49 76 110 58 61 126 22 85 38 26 111 25 110 60 49 122 
9 46 67 100 108 54 101 85 106 24 104 79 69 76 67 118 23 48 47 83 46 68 39 83 93 22 107 74 81 27 67 90 73 6 61 52 59 33 8 36 57 111 115 125 58 53 114 80 101 32 35 18 99 73 100 64 94 78 9 47 104 76 8 48 
81 68 99 11 101 106 46 29 88 32 25 17 85 11 97 57 42 3 74 13 75 45 76 41 122 84 87 97 31 94 17 111 33 115 121 5 93 39 33 52 70 58 69 26 68 37 82 109 39 27 121 113 71 68 25 64 24 111 33 54 76 49 37 109 
35 29 113 127 67 18 51 9 75 119 34 14 27 116 122 65 14 115 49 85 54 74 20 77 56 52 3 4 100 39 112 7 67 96 5 6 113 55 14 59 45 47 72 71 34 66 7 48 52 56 4 105 1 23 54 56 75 56 59 46 94 42 52 32 
10 57 37 122 111 50 53 28 97 124 98 2 61 105 49 112 32 52 89 32 75 14 87 21 69 18 66 34 59 118 65 68 46 102 62 28 23 114 55 119 109 25 121 42 1 41 25 32 93 113 63 39 126 21 59 66 38 124 99 97 113 36 36 30 
9 97 58 31 82 112 22 63 8 14 104 8 54 128 39 18 113 101 56 110 122 114 48 31 110 18 127 94 53 35 124 61 3 53 92 85 36 113 19 44 126 122 51 51 121 90 69 105 62 124 87 55 110 6 86 91 23 84 56 76 118 51 8 121 
103 99 77 11 83 95 54 80 88 104 3 80 65 71 57 127 66 15 53 47 20 10 9 42 94 65 117 83 115 125 75 90 95 23 100 50 117 25 1 76 128 3 28 65 73 84 63 11 98 115 57 117 125 66 30 90 2 19 44 116 15 119 77 109 
13 48 30 2 72 31 77 72 33 104 8 106 59 70 116 28 56 44 16 52 109 46 13 110 64 57 98 78 47 46 58 59 94 88 60 37 118 9 108 22 112 115 127 43 56 114 70 112 30 86 35 10 3 48 120 66 104 89 15 22 6 72 80 99 
31 12 8 20 20 115 42 3 102 40 45 29 26 115 12 55 72 47 64 74 94 55 11 69 15 25 90 21 96 41 119 127 52 126 18 71 113 59 74 86 99 118 114 124 104 126 50 47 44 113 120 9 40 2 77 54 26 38 74 122 78 65 120 2 
62 9 72 46 68 17 3 38 7 117 33 110 114 82 29 29 66 20 37 105 22 113 31 47 22 104 40 99 40 31 100 102 40 44 19 107 60 22 16 66 10 48 48 123 1 76 23 66 95 59 43 116 43 73 35 64 48 74 34 88 105 6 61 16 
49 79 122 108 100 9 46 109 56 93 103 56 40 125 121 6 55 35 122 97 107 28 32 27 101 66 114 77 71 46 92 119 124 85 98 96 93 15 76 20 107 51 75 18 47 68 24 102 102 17 70 81 44 102 107 16 39 92 93 109 9 56 99 4 
13 68 99 105 83 47 125 61 97 71 79 15 10 102 116 112 118 58 64 33 31 42 48 69 5 12 49 13 68 19 16 80 86 115 56 40 33 52 101 1 123 51 15 4 24 3 115 13 60 50 45 90 91 92 30 95 104 78 107 43 96 123 122 53 
109 49 93 13 101 65 13 95 115 27 98 10 29 85 22 88 6 66 49 97 29 78 63 4 27 42 46 122 36 39 47 16 88 11 28 60 75 40 26 61 66 123 70 95 79 91 54 85 28 103 53 56 52 115 60 79 28 105 72 63 16 118 78 103 
-1 -1 -1 -1 -1 -1 -1 -1 -1 -1 -1 -1 -1 -1 -1 -1 128 -1 -1 -1 105 -1 -1 -1 -1 -1 -1 -1 -1 -1 -1 -1 34 -1 -1 -1 -1 -1 -1 -1 -1 -1 -1 -1 -1 -1 -1 -1 -1 -1 -1 -1 -1 -1 74 -1 -1 -1 -1 -1 -1 -1 -1 -1 -1 -1 -1 -1 -1 -1 -1 -1 -1 -1 -1 -1 -1 -1 -1 -1 16 -1 -1 -1 -1 -1 -1 -1 -1 -1 -1 -1 -1 -1 -1 -1 -1 -1 -1 -1 
-1 -1 -1 -1 -1 -1 -1 -1 -1 -1 -1 -1 -1 -1 -1 -1 -1 59 6 82 -1 53 -1 -1 -1 75 -1 -1 -1 -1 -1 -1 -1 -1 -1 -1 -1 -1 -1 -1 -1 -1 -1 -1 -1 -1 -1 -1 -1 -1 -1 48 -1 -1 -1 -1 -1 -1 -1 -1 -1 -1 -1 -1 -1 -1 -1 -1 -1 -1 -1 -1 -1 -1 -1 -1 -1 -1 -1 -1 -1 4 -1 -1 -1 -1 -1 -1 -1 -1 -1 -1 -1 -1 -1 -1 -1 -1 -1 -1 
-1 -1 -1 -1 -1 -1 -1 -1 -1 -1 -1 -1 -1 -1 -1 -1 -1 -1 -1 -1 37 101 88 64 75 -1 -1 -1 -1 -1 -1 -1 -1 -1 -1 -1 -1 -1 -1 -1 -1 -1 -1 -1 -1 -1 -1 -1 -1 -1 -1 -1 -1 -1 -1 12 -1 -1 -1 -1 -1 -1 -1 -1 -1 120 -1 -1 127 -1 -1 -1 -1 126 -1 -1 -1 -1 -1 -1 -1 -1 51 -1 -1 -1 -1 -1 -1 -1 -1 -1 -1 -1 -1 -1 -1 -1 -1 -1 
-1 -1 -1 -1 -1 -1 -1 -1 -1 -1 -1 -1 -1 -1 -1 -1 -1 -1 -1 -1 -1 -1 -1 -1 -1 77 26 27 20 88 42 10 -1 38 -1 -1 -1 -1 -1 16 -1 -1 -1 -1 -1 9 -1 -1 -1 -1 -1 -1 -1 -1 -1 -1 -1 -1 -1 14 -1 -1 49 -1 -1 -1 -1 -1 -1 -1 83 -1 -1 -1 -1 -1 -1 -1 -1 -1 -1 -1 -1 30 -1 -1 -1 -1 -1 -1 -1 -1 -1 -1 -1 -1 -1 -1 -1 -1 
-1 -1 -1 -1 -1 -1 -1 -1 -1 -1 -1 -1 -1 -1 -1 -1 -1 -1 -1 -1 -1 -1 -1 -1 -1 -1 -1 -1 -1 -1 -1 -1 107 88 111 32 35 30 35 -1 -1 -1 -1 -1 -1 -1 -1 -1 -1 -1 -1 -1 -1 -1 -1 -1 -1 -1 -1 -1 -1 -1 -1 -1 -1 -1 -1 -1 -1 71 -1 -1 -1 -1 2 -1 -1 -1 -1 -1 -1 -1 -1 -1 122 -1 -1 -1 -1 -1 -1 -1 -1 -1 -1 -1 -1 -1 -1 -1 
-1 -1 -1 -1 -1 -1 -1 -1 -1 -1 -1 -1 -1 -1 -1 -1 -1 -1 -1 -1 -1 -1 -1 -1 -1 -1 -1 -1 -1 -1 -1 -1 -1 -1 7 -1 -1 -1 -1 77 5 126 75 2 48 -1 -1 -1 23 -1 -1 -1 -1 -1 -1 -1 -1 -1 -1 -1 -1 -1 -1 27 -1 -1 -1 -1 -1 -1 -1 -1 -1 -1 -1 74 -1 -1 -1 -1 -1 -1 -1 -1 -1 42 -1 -1 -1 -1 -1 -1 -1 -1 -1 -1 -1 -1 -1 -1 
-1 -1 -1 -1 -1 -1 -1 -1 -1 -1 -1 -1 -1 -1 -1 -1 -1 -1 -1 -1 -1 -1 -1 -1 -1 -1 115 -1 -1 -1 -1 -1 -1 -1 -1 -1 -1 -1 -1 -1 -1 -1 -1 -1 -1 116 51 24 -1 -1 -1 -1 3 -1 -1 -1 -1 -1 -1 -1 -1 -1 -1 -1 -1 -1 -1 -1 -1 -1 -1 -1 -1 -1 -1 -1 -1 -1 -1 -1 -1 -1 -1 -1 -1 -1 60 -1 -1 -1 -1 -1 -1 -1 -1 -1 -1 -1 -1 -1 
-1 -1 -1 -1 -1 -1 -1 -1 -1 -1 -1 -1 -1 -1 -1 -1 -1 -1 -1 -1 -1 -1 -1 -1 -1 -1 -1 37 -1 -1 -1 -1 -1 -1 -1 -1 -1 -1 -1 -1 -1 -1 -1 -1 -1 -1 -1 -1 52 14 66 -1 -1 -1 -1 -1 -1 -1 -1 -1 -1 -1 -1 -1 -1 -1 -1 -1 -1 -1 -1 -1 -1 -1 -1 -1 -1 -1 -1 -1 -1 -1 -1 -1 -1 -1 -1 30 -1 -1 -1 -1 -1 -1 -1 -1 -1 -1 -1 -1 
-1 -1 -1 -1 -1 -1 -1 -1 -1 -1 -1 -1 -1 -1 -1 -1 -1 -1 -1 -1 -1 -1 -1 -1 -1 -1 -1 -1 101 -1 -1 -1 -1 -1 -1 48 -1 -1 -1 -1 61 -1 -1 -1 -1 -1 -1 -1 -1 7 -1 77 95 78 -1 -1 -1 -1 -1 -1 -1 -1 -1 -1 -1 -1 -1 -1 -1 -1 -1 -1 -1 -1 -1 -1 79 -1 -1 -1 -1 -1 -1 -1 -1 -1 -1 -1 88 -1 -1 -1 -1 -1 -1 -1 -1 -1 -1 -1 
-1 -1 -1 -1 -1 -1 -1 -1 -1 -1 -1 -1 -1 -1 -1 -1 -1 -1 -1 -1 -1 -1 84 -1 -1 -1 -1 -1 -1 27 -1 -1 -1 -1 -1 -1 -1 -1 -1 -1 -1 92 -1 -1 -1 -1 -1 81 -1 -1 101 -1 -1 -1 94 128 123 120 73 -1 -1 -1 -1 -1 -1 -1 36 -1 -1 -1 -1 106 -1 -1 -1 -1 -1 60 -1 -1 -1 -1 -1 -1 -1 -1 -1 -1 -1 87 -1 -1 -1 -1 -1 -1 -1 -1 -1 -1 
-1 -1 -1 -1 -1 -1 -1 -1 -1 -1 -1 -1 -1 -1 -1 -1 -1 1 -1 -1 -1 -1 -1 -1 -1 -1 -1 -1 -1 -1 63 -1 -1 -1 -1 -1 -1 -1 -1 -1 -1 -1 -1 -1 -1 -1 -1 -1 -1 -1 -1 -1 -1 -1 -1 -1 -1 -1 -1 18 38 114 -1 -1 -1 -1 -1 -1 -1 -1 -1 -1 -1 -1 -1 -1 -1 -1 -1 -1 -1 -1 -1 -1 -1 -1 -1 -1 -1 -1 31 -1 -1 -1 -1 -1 -1 -1 -1 -1 
-1 -1 -1 -1 -1 -1 -1 -1 -1 -1 -1 -1 -1 -1 -1 -1 -1 -1 -1 -1 -1 -1 -1 103 -1 -1 -1 -1 -1 -1 -1 -1 -1 -1 -1 -1 -1 -1 -1 -1 -1 -1 -1 -1 -1 -1 -1 -1 -1 -1 -1 -1 -1 -1 -1 -1 15 -1 -1 -1 -1 -1 3 23 76 -1 -1 10 -1 -1 -1 -1 -1 -1 -1 -1 -1 -1 -1 -1 -1 -1 -1 -1 -1 -1 -1 -1 -1 -1 -1 99 -1 -1 -1 -1 -1 -1 -1 -1 
-1 -1 -1 -1 -1 -1 -1 -1 -1 -1 -1 -1 -1 -1 -1 -1 42 -1 87 -1 -1 -1 -1 -1 -1 -1 -1 -1 -1 -1 -1 -1 -1 -1 -1 -1 49 -1 -1 -1 -1 -1 2 -1 -1 -1 -1 -1 -1 -1 -1 -1 -1 -1 -1 -1 -1 -1 -1 -1 -1 -1 -1 -1 -1 42 75 93 -1 -1 -1 -1 -1 -1 -1 -1 -1 -1 -1 -1 -1 -1 -1 -1 -1 -1 -1 -1 -1 -1 -1 -1 122 -1 -1 -1 -1 -1 -1 -1 
-1 -1 -1 -1 -1 -1 -1 -1 -1 -1 -1 -1 -1 -1 -1 -1 -1 -1 -1 47 -1 -1 -1 -1 58 -1 -1 -1 -1 -1 -1 -1 -1 -1 -1 -1 -1 121 -1 -1 -1 -1 -1 41 -1 -1 -1 -1 -1 -1 -1 -1 -1 -1 -1 -1 -1 -1 -1 -1 -1 -1 -1 -1 -1 -1 -1 -1 50 65 -1 -1 -1 -1 -1 -1 -1 -1 -1 -1 -1 -1 -1 -1 -1 -1 -1 -1 -1 -1 -1 -1 -1 77 -1 -1 -1 -1 -1 -1 
-1 -1 -1 -1 -1 -1 -1 -1 -1 -1 -1 -1 -1 -1 -1 -1 -1 -1 -1 -1 -1 -1 -1 -1 -1 -1 -1 -1 -1 -1 -1 27 -1 -1 -1 -1 -1 -1 -1 -1 -1 -1 -1 -1 -1 -1 -1 -1 -1 -1 -1 -1 -1 -1 -1 -1 -1 125 -1 -1 -1 35 -1 -1 -1 -1 -1 -1 -1 -1 28 59 52 -1 -1 -1 -1 -1 -1 -1 -1 -1 -1 -1 -1 -1 -1 -1 -1 -1 -1 -1 -1 -1 65 -1 -1 -1 -1 -1 
-1 -1 -1 -1 -1 -1 -1 -1 -1 -1 -1 -1 -1 -1 -1 -1 -1 -1 -1 -1 -1 -1 -1 -1 -1 -1 -1 -1 -1 -1 -1 -1 -1 -1 -1 -1 -1 -1 44 -1 -1 -1 -1 -1 82 -1 -1 -1 -1 -1 -1 -1 -1 -1 -1 -1 -1 -1 39 -1 -1 -1 -1 -1 58 -1 -1 -1 -1 -1 -1 -1 84 61 5 93 32 47 -1 -1 -1 -1 -1 -1 -1 -1 -1 -1 -1 -1 -1 -1 -1 -1 -1 51 -1 -1 -1 -1 
-1 -1 -1 -1 -1 -1 -1 -1 -1 -1 -1 -1 -1 -1 -1 -1 -1 -1 -1 -1 -1 -1 -1 -1 -1 -1 -1 -1 -1 -1 -1 -1 -1 -1 -1 -1 -1 -1 -1 -1 -1 -1 -1 -1 -1 -1 -1 -1 -1 -1 -1 -1 -1 -1 -1 -1 -1 -1 -1 -1 -1 -1 -1 -1 -1 -1 -1 -1 -1 -1 -1 -1 -1 -1 -1 -1 -1 -1 80 -1 -1 -1 -1 -1 -1 -1 -1 -1 -1 -1 -1 -1 -1 -1 -1 -1 -1 -1 -1 -1 
-1 -1 -1 -1 -1 -1 -1 -1 -1 -1 -1 -1 -1 -1 -1 -1 -1 -1 -1 -1 -1 -1 -1 -1 -1 -1 -1 -1 -1 -1 -1 -1 -1 -1 -1 -1 -1 -1 -1 -1 -1 -1 -1 -1 -1 -1 -1 -1 -1 -1 -1 -1 -1 -1 -1 -1 -1 -1 -1 -1 -1 -1 -1 -1 -1 -1 -1 -1 -1 -1 -1 -1 -1 -1 -1 -1 -1 -1 48 -1 -1 -1 -1 -1 -1 -1 -1 -1 -1 -1 -1 -1 -1 -1 -1 -1 -1 -1 -1 -1 
-1 -1 -1 -1 -1 -1 -1 -1 -1 -1 -1 -1 -1 -1 -1 -1 -1 -1 -1 -1 -1 -1 -1 -1 -1 -1 -1 -1 -1 -1 -1 -1 -1 -1 -1 -1 -1 -1 -1 -1 -1 -1 -1 -1 -1 -1 -1 -1 -1 -1 -1 -1 -1 -1 -1 -1 -1 -1 -1 -1 -1 -1 -1 -1 -1 -1 -1 -1 -1 -1 -1 -1 -1 -1 -1 -1 -1 -1 92 -1 -1 -1 -1 -1 -1 -1 -1 -1 -1 -1 -1 -1 -1 -1 -1 -1 -1 -1 -1 -1 
-1 -1 -1 -1 -1 -1 -1 -1 -1 -1 -1 -1 -1 -1 -1 -1 -1 -1 -1 -1 -1 -1 -1 -1 -1 -1 -1 -1 -1 -1 -1 -1 -1 -1 -1 -1 -1 -1 -1 -1 -1 -1 -1 -1 -1 -1 -1 -1 -1 -1 -1 -1 -1 -1 -1 -1 -1 -1 -1 -1 -1 -1 -1 -1 -1 -1 -1 -1 -1 -1 -1 -1 -1 -1 -1 -1 -1 -1 27 -1 -1 -1 -1 -1 -1 -1 -1 -1 -1 -1 -1 -1 -1 -1 -1 -1 -1 -1 -1 -1 
-1 -1 -1 -1 -1 -1 -1 -1 -1 -1 -1 -1 -1 -1 -1 -1 -1 -1 -1 -1 -1 -1 -1 -1 -1 -1 -1 -1 -1 -1 -1 -1 -1 -1 -1 -1 -1 -1 -1 -1 -1 -1 -1 -1 -1 -1 -1 -1 -1 -1 -1 -1 -1 -1 -1 -1 -1 -1 -1 -1 -1 -1 -1 -1 -1 -1 -1 -1 -1 -1 -1 -1 -1 -1 -1 -1 -1 -1 12 -1 -1 -1 -1 -1 -1 -1 -1 -1 -1 -1 -1 -1 -1 -1 -1 -1 -1 -1 -1 -1 
-1 -1 -1 -1 -1 -1 -1 -1 -1 -1 -1 -1 -1 -1 -1 -1 -1 -1 -1 -1 -1 -1 -1 -1 -1 -1 -1 -1 -1 -1 -1 -1 -1 -1 -1 -1 -1 -1 -1 -1 -1 -1 -1 -1 -1 -1 -1 -1 -1 -1 -1 -1 -1 -1 -1 -1 -1 -1 -1 -1 -1 -1 -1 -1 -1 -1 -1 -1 -1 -1 -1 -1 -1 -1 -1 -1 -1 -1 85 -1 -1 -1 -1 -1 -1 -1 -1 -1 -1 -1 -1 -1 -1 -1 -1 -1 -1 -1 -1 -1 
-1 -1 -1 -1 -1 -1 -1 -1 -1 -1 -1 -1 -1 -1 -1 -1 -1 -1 -1 -1 -1 -1 -1 -1 -1 -1 -1 -1 -1 -1 -1 -1 -1 -1 -1 -1 -1 -1 -1 -1 -1 -1 -1 -1 -1 -1 -1 -1 -1 -1 -1 -1 -1 -1 -1 -1 -1 -1 -1 -1 -1 -1 -1 -1 -1 -1 -1 -1 -1 -1 -1 -1 -1 -1 -1 -1 -1 -1 73 -1 -1 -1 -1 -1 -1 -1 -1 -1 -1 -1 -1 -1 -1 -1 -1 -1 -1 -1 -1 -1 
-1 -1 -1 -1 -1 -1 -1 -1 -1 -1 -1 -1 -1 -1 -1 -1 -1 -1 -1 -1 -1 -1 -1 -1 -1 -1 -1 -1 -1 -1 -1 -1 -1 -1 -1 -1 -1 -1 -1 -1 -1 -1 -1 -1 -1 -1 -1 -1 -1 -1 -1 -1 -1 -1 -1 -1 -1 -1 -1 -1 -1 -1 -1 -1 -1 -1 -1 -1 -1 -1 -1 -1 -1 -1 -1 -1 -1 -1 70 -1 -1 -1 -1 -1 -1 -1 -1 -1 -1 -1 -1 -1 -1 -1 -1 -1 -1 -1 -1 -1 
-1 -1 -1 -1 -1 -1 -1 -1 -1 -1 -1 -1 -1 -1 -1 -1 -1 -1 -1 -1 -1 -1 -1 -1 -1 -1 -1 -1 -1 -1 -1 -1 -1 -1 -1 -1 -1 -1 -1 -1 -1 -1 -1 -1 -1 -1 -1 -1 -1 -1 -1 -1 -1 -1 -1 -1 -1 -1 -1 -1 -1 -1 -1 -1 -1 -1 -1 -1 -1 -1 -1 -1 -1 -1 -1 -1 -1 -1 77 -1 -1 -1 -1 -1 -1 -1 -1 -1 -1 -1 -1 -1 -1 -1 -1 -1 -1 -1 -1 -1 
-1 -1 -1 -1 -1 -1 -1 -1 -1 -1 -1 -1 -1 -1 -1 -1 -1 -1 -1 -1 -1 -1 -1 -1 -1 -1 -1 -1 -1 -1 -1 -1 -1 -1 -1 -1 -1 -1 -1 -1 -1 -1 -1 -1 -1 -1 -1 -1 -1 -1 -1 -1 -1 -1 -1 -1 -1 -1 -1 -1 -1 -1 -1 -1 -1 -1 -1 -1 -1 -1 -1 -1 -1 -1 -1 -1 -1 -1 114 -1 -1 -1 -1 -1 -1 -1 -1 -1 -1 -1 -1 -1 -1 -1 -1 -1 -1 -1 -1 -1 
-1 -1 -1 -1 -1 -1 -1 -1 -1 -1 -1 -1 -1 -1 -1 -1 -1 -1 -1 -1 -1 -1 -1 -1 -1 -1 -1 -1 -1 -1 -1 -1 -1 -1 -1 -1 -1 -1 -1 -1 -1 -1 -1 -1 -1 -1 -1 -1 -1 -1 -1 -1 -1 -1 -1 -1 -1 -1 -1 -1 -1 -1 -1 -1 -1 -1 -1 -1 -1 -1 -1 -1 -1 -1 -1 -1 -1 -1 119 -1 -1 -1 -1 -1 -1 -1 -1 -1 -1 -1 -1 -1 -1 -1 -1 -1 -1 -1 -1 -1 
-1 -1 -1 -1 -1 -1 -1 -1 -1 -1 -1 -1 -1 -1 -1 -1 -1 -1 -1 -1 -1 -1 -1 -1 -1 -1 -1 -1 -1 -1 -1 -1 -1 -1 -1 -1 -1 -1 -1 -1 -1 -1 -1 -1 -1 -1 -1 -1 -1 -1 -1 -1 -1 -1 -1 -1 -1 -1 -1 -1 -1 -1 -1 -1 -1 -1 -1 -1 -1 -1 -1 -1 -1 -1 -1 -1 -1 -1 14 -1 -1 -1 -1 -1 -1 -1 -1 -1 -1 -1 -1 -1 -1 -1 -1 -1 -1 -1 -1 -1 
-1 -1 -1 -1 -1 -1 -1 -1 -1 -1 -1 -1 -1 -1 -1 -1 -1 -1 -1 -1 -1 -1 -1 -1 -1 -1 -1 -1 -1 -1 -1 -1 -1 -1 -1 -1 -1 -1 -1 -1 -1 -1 -1 -1 -1 -1 -1 -1 -1 -1 -1 -1 -1 -1 -1 -1 -1 -1 -1 -1 -1 -1 -1 -1 -1 -1 -1 -1 -1 -1 -1 -1 -1 -1 -1 -1 -1 -1 62 -1 -1 -1 -1 -1 -1 -1 -1 -1 -1 -1 -1 -1 -1 -1 -1 -1 -1 -1 -1 -1 
-1 -1 -1 -1 -1 -1 -1 -1 -1 -1 -1 -1 -1 -1 -1 -1 -1 -1 -1 -1 -1 -1 -1 -1 -1 -1 -1 -1 -1 -1 -1 -1 -1 -1 -1 -1 -1 -1 -1 -1 -1 -1 -1 -1 -1 -1 -1 -1 -1 -1 -1 -1 -1 -1 -1 -1 -1 -1 -1 -1 -1 -1 -1 -1 -1 -1 -1 -1 -1 -1 -1 -1 -1 -1 -1 -1 -1 -1 17 -1 -1 -1 -1 -1 -1 -1 -1 -1 -1 -1 -1 -1 -1 -1 -1 -1 -1 -1 -1 -1 
-1 -1 -1 -1 -1 -1 -1 -1 -1 -1 -1 -1 -1 -1 -1 -1 -1 -1 -1 -1 -1 -1 -1 -1 -1 -1 -1 -1 -1 -1 -1 -1 -1 -1 -1 -1 -1 -1 -1 -1 -1 -1 -1 -1 -1 -1 -1 -1 -1 -1 -1 -1 -1 -1 -1 -1 -1 -1 -1 -1 -1 -1 -1 -1 -1 -1 -1 -1 -1 -1 -1 -1 -1 -1 -1 -1 -1 -1 10 -1 -1 -1 -1 -1 -1 -1 -1 -1 -1 -1 -1 -1 -1 -1 -1 -1 -1 -1 -1 -1 
-1 -1 -1 -1 -1 -1 -1 -1 -1 -1 -1 -1 -1 -1 -1 -1 -1 -1 -1 -1 -1 -1 -1 -1 -1 -1 -1 -1 -1 -1 -1 -1 -1 -1 -1 -1 -1 -1 -1 -1 -1 -1 -1 -1 -1 -1 -1 -1 -1 -1 -1 -1 -1 -1 -1 -1 -1 -1 -1 -1 -1 -1 -1 -1 -1 -1 -1 -1 -1 -1 -1 -1 -1 -1 -1 -1 -1 -1 96 -1 -1 -1 -1 -1 -1 -1 -1 -1 -1 -1 -1 -1 -1 -1 -1 -1 -1 -1 -1 -1 
-1 -1 -1 -1 -1 -1 -1 -1 -1 -1 -1 -1 -1 -1 -1 -1 -1 -1 -1 -1 -1 -1 -1 -1 -1 -1 -1 -1 -1 -1 -1 -1 -1 -1 -1 -1 -1 -1 -1 -1 -1 -1 -1 -1 -1 -1 -1 -1 -1 -1 -1 -1 -1 -1 -1 -1 -1 -1 -1 -1 -1 -1 -1 -1 -1 -1 -1 -1 -1 -1 -1 -1 -1 -1 -1 -1 -1 -1 44 -1 -1 -1 -1 -1 -1 -1 -1 -1 -1 -1 -1 -1 -1 -1 -1 -1 -1 -1 -1 -1 
-1 -1 -1 -1 -1 -1 -1 -1 -1 -1 -1 -1 -1 -1 -1 -1 -1 -1 -1 -1 -1 -1 -1 -1 -1 -1 -1 -1 -1 -1 -1 -1 -1 -1 -1 -1 -1 -1 -1 -1 -1 -1 -1 -1 -1 -1 -1 -1 -1 -1 -1 -1 -1 -1 -1 -1 -1 -1 -1 -1 -1 -1 -1 -1 -1 -1 -1 -1 -1 -1 -1 -1 -1 -1 -1 -1 -1 -1 68 -1 -1 -1 -1 -1 -1 -1 -1 -1 -1 -1 -1 -1 -1 -1 -1 -1 -1 -1 -1 -1 
-1 -1 -1 -1 -1 -1 -1 -1 -1 -1 -1 -1 -1 -1 -1 -1 -1 -1 -1 -1 -1 -1 -1 -1 -1 -1 -1 -1 -1 -1 -1 -1 -1 -1 -1 -1 -1 -1 -1 -1 -1 -1 -1 -1 -1 -1 -1 -1 -1 -1 -1 -1 -1 -1 -1 -1 -1 -1 -1 -1 -1 -1 -1 -1 -1 -1 -1 -1 -1 -1 -1 -1 -1 -1 -1 -1 -1 -1 19 -1 -1 -1 -1 -1 -1 -1 -1 -1 -1 -1 -1 -1 -1 -1 -1 -1 -1 -1 -1 -1 
-1 -1 -1 -1 -1 -1 -1 -1 -1 -1 -1 -1 -1 -1 -1 -1 -1 -1 -1 -1 -1 -1 -1 -1 -1 -1 -1 -1 -1 -1 -1 -1 -1 -1 -1 -1 -1 -1 -1 -1 -1 -1 -1 -1 -1 -1 -1 -1 -1 -1 -1 -1 -1 -1 -1 -1 -1 -1 -1 -1 -1 -1 -1 -1 -1 -1 -1 -1 -1 -1 -1 -1 -1 -1 -1 -1 -1 -1 108 -1 -1 -1 -1 -1 -1 -1 -1 -1 -1 -1 -1 -1 -1 -1 -1 -1 -1 -1 -1 -1 
-1 -1 -1 -1 -1 -1 -1 -1 -1 -1 -1 -1 -1 -1 -1 -1 -1 -1 -1 -1 -1 -1 -1 -1 -1 -1 -1 -1 -1 -1 -1 -1 -1 -1 -1 -1 -1 -1 -1 -1 -1 -1 -1 -1 -1 -1 -1 -1 -1 -1 -1 -1 -1 -1 -1 -1 -1 -1 -1 -1 -1 -1 -1 -1 -1 -1 -1 -1 -1 -1 -1 -1 -1 -1 -1 -1 -1 -1 111 -1 -1 -1 -1 -1 -1 -1 -1 -1 -1 -1 -1 -1 -1 -1 -1 -1 -1 -1 -1 -1 
-1 -1 -1 -1 -1 -1 -1 -1 -1 -1 -1 -1 -1 -1 -1 -1 -1 -1 -1 -1 -1 -1 -1 -1 -1 -1 -1 -1 -1 -1 -1 -1 -1 -1 -1 -1 -1 -1 -1 -1 -1 -1 -1 -1 -1 -1 -1 -1 -1 -1 -1 -1 -1 -1 -1 -1 -1 -1 -1 -1 -1 -1 -1 -1 -1 -1 -1 -1 -1 -1 -1 -1 -1 -1 -1 -1 -1 -1 100 -1 -1 -1 -1 -1 -1 -1 -1 -1 -1 -1 -1 -1 -1 -1 -1 -1 -1 -1 -1 -1 
-1 -1 -1 -1 -1 -1 -1 -1 -1 -1 -1 -1 -1 -1 -1 -1 -1 -1 -1 -1 -1 -1 -1 -1 -1 -1 -1 -1 -1 -1 -1 -1 -1 -1 -1 -1 -1 -1 -1 -1 -1 -1 -1 -1 -1 -1 -1 -1 -1 -1 -1 -1 -1 -1 -1 -1 -1 -1 -1 -1 -1 -1 -1 -1 -1 -1 -1 -1 -1 -1 -1 -1 -1 -1 -1 -1 -1 -1 19 -1 -1 -1 -1 -1 -1 -1 -1 -1 -1 -1 -1 -1 -1 -1 -1 -1 -1 -1 -1 -1 
-1 -1 -1 -1 -1 -1 -1 -1 -1 -1 -1 -1 -1 -1 -1 -1 -1 -1 -1 -1 -1 -1 -1 -1 -1 -1 -1 -1 -1 -1 -1 -1 -1 -1 -1 -1 -1 -1 -1 -1 -1 -1 -1 -1 -1 -1 -1 -1 -1 -1 -1 -1 -1 -1 -1 -1 -1 -1 -1 -1 -1 -1 -1 -1 -1 -1 -1 -1 -1 -1 -1 -1 -1 -1 -1 -1 -1 -1 40 -1 -1 -1 -1 -1 -1 -1 -1 -1 -1 -1 -1 -1 -1 -1 -1 -1 -1 -1 -1 -1 
-1 -1 -1 -1 -1 -1 -1 -1 -1 -1 -1 -1 -1 -1 -1 -1 -1 -1 -1 -1 -1 -1 -1 -1 -1 -1 -1 -1 -1 -1 -1 -1 -1 -1 -1 -1 -1 -1 -1 -1 -1 -1 -1 -1 -1 -1 -1 -1 -1 -1 -1 -1 -1 -1 -1 -1 -1 -1 -1 -1 -1 -1 -1 -1 -1 -1 -1 -1 -1 -1 -1 -1 -1 -1 -1 -1 -1 -1 55 -1 -1 -1 -1 -1 -1 -1 -1 -1 -1 -1 -1 -1 -1 -1 -1 -1 -1 -1 -1 -1 
-1 -1 -1 -1 -1 -1 -1 -1 -1 -1 -1 -1 -1 -1 -1 -1 -1 -1 -1 -1 -1 -1 -1 -1 -1 -1 -1 -1 -1 -1 -1 -1 -1 -1 -1 -1 -1 -1 -1 -1 -1 -1 -1 -1 -1 -1 -1 -1 -1 -1 -1 -1 -1 -1 -1 -1 -1 -1 -1 -1 -1 -1 -1 -1 -1 -1 -1 -1 -1 -1 -1 -1 -1 -1 -1 -1 -1 -1 79 -1 -1 -1 -1 -1 -1 -1 -1 -1 -1 -1 -1 -1 -1 -1 -1 -1 -1 -1 -1 -1 
-1 -1 -1 -1 -1 -1 -1 -1 -1 -1 -1 -1 -1 -1 -1 -1 -1 -1 -1 -1 -1 -1 -1 -1 -1 -1 -1 -1 -1 -1 -1 -1 -1 -1 -1 -1 -1 -1 -1 -1 -1 -1 -1 -1 -1 -1 -1 -1 -1 -1 -1 -1 -1 -1 -1 -1 -1 -1 -1 -1 -1 -1 -1 -1 -1 -1 -1 -1 -1 -1 -1 -1 -1 -1 -1 -1 -1 -1 45 -1 -1 -1 -1 -1 -1 -1 -1 -1 -1 -1 -1 -1 -1 -1 -1 -1 -1 -1 -1 -1 
-1 -1 -1 -1 -1 -1 -1 -1 -1 -1 -1 -1 -1 -1 -1 -1 -1 -1 -1 -1 -1 -1 -1 -1 -1 -1 -1 -1 -1 -1 -1 -1 -1 -1 -1 -1 -1 -1 -1 -1 -1 -1 -1 -1 -1 -1 -1 -1 -1 -1 -1 -1 -1 -1 -1 -1 -1 -1 -1 -1 -1 -1 -1 -1 -1 -1 -1 -1 -1 -1 -1 -1 -1 -1 -1 -1 -1 -1 20 -1 -1 -1 -1 -1 -1 -1 -1 -1 -1 -1 -1 -1 -1 -1 -1 -1 -1 -1 -1 -1 
-1 -1 -1 -1 -1 -1 -1 -1 -1 -1 -1 -1 -1 -1 -1 -1 -1 -1 -1 -1 -1 -1 -1 -1 -1 -1 -1 -1 -1 -1 -1 -1 -1 -1 -1 -1 -1 -1 -1 -1 -1 -1 -1 -1 -1 -1 -1 -1 -1 -1 -1 -1 -1 -1 -1 -1 -1 -1 -1 -1 -1 -1 -1 -1 -1 -1 -1 -1 -1 -1 -1 -1 -1 -1 -1 -1 -1 -1 110 -1 -1 -1 -1 -1 -1 -1 -1 -1 -1 -1 -1 -1 -1 -1 -1 -1 -1 -1 -1 -1 
-1 -1 -1 -1 -1 -1 -1 -1 -1 -1 -1 -1 -1 -1 -1 -1 -1 -1 -1 -1 -1 -1 -1 -1 -1 -1 -1 -1 -1 -1 -1 -1 -1 -1 -1 -1 -1 -1 -1 -1 -1 -1 -1 -1 -1 -1 -1 -1 -1 -1 -1 -1 -1 -1 -1 -1 -1 -1 -1 -1 -1 -1 -1 -1 -1 -1 -1 -1 -1 -1 -1 -1 -1 -1 -1 -1 -1 -1 91 -1 -1 -1 -1 -1 -1 -1 -1 -1 -1 -1 -1 -1 -1 -1 -1 -1 -1 -1 -1 -1 
-1 -1 -1 -1 -1 -1 -1 -1 -1 -1 -1 -1 -1 -1 -1 -1 -1 -1 -1 -1 -1 -1 -1 -1 -1 -1 -1 -1 -1 -1 -1 -1 -1 -1 -1 -1 -1 -1 -1 -1 -1 -1 -1 -1 -1 -1 -1 -1 -1 -1 -1 -1 -1 -1 -1 -1 -1 -1 -1 -1 -1 -1 -1 -1 -1 -1 -1 -1 -1 -1 -1 -1 -1 -1 -1 -1 -1 -1 70 -1 -1 -1 -1 -1 -1 -1 -1 -1 -1 -1 -1 -1 -1 -1 -1 -1 -1 -1 -1 -1 
-1 -1 -1 -1 -1 -1 -1 -1 -1 -1 -1 -1 -1 -1 -1 -1 -1 -1 -1 -1 -1 -1 -1 -1 -1 -1 -1 -1 -1 -1 -1 -1 -1 -1 -1 -1 -1 -1 -1 -1 -1 -1 -1 -1 -1 -1 -1 -1 -1 -1 -1 -1 -1 -1 -1 -1 -1 -1 -1 -1 -1 -1 -1 -1 -1 -1 -1 -1 -1 -1 -1 -1 -1 -1 -1 -1 -1 -1 62 -1 -1 -1 -1 -1 -1 -1 -1 -1 -1 -1 -1 -1 -1 -1 -1 -1 -1 -1 -1 -1 
-1 -1 -1 -1 -1 -1 -1 -1 -1 -1 -1 -1 -1 -1 -1 -1 -1 -1 -1 -1 -1 -1 -1 -1 -1 -1 -1 -1 -1 -1 -1 -1 -1 -1 -1 -1 -1 -1 -1 -1 -1 -1 -1 -1 -1 -1 -1 -1 -1 -1 -1 -1 -1 -1 -1 -1 -1 -1 -1 -1 -1 -1 -1 -1 -1 -1 -1 -1 -1 -1 -1 -1 -1 -1 -1 -1 -1 -1 10 -1 -1 -1 -1 -1 -1 -1 -1 -1 -1 -1 -1 -1 -1 -1 -1 -1 -1 -1 -1 -1 
-1 -1 -1 -1 -1 -1 -1 -1 -1 -1 -1 -1 -1 -1 -1 -1 -1 -1 -1 -1 -1 -1 -1 -1 -1 -1 -1 -1 -1 -1 -1 -1 -1 -1 -1 -1 -1 -1 -1 -1 -1 -1 -1 -1 -1 -1 -1 -1 -1 -1 -1 -1 -1 -1 -1 -1 -1 -1 -1 -1 -1 -1 -1 -1 -1 -1 -1 -1 -1 -1 -1 -1 -1 -1 -1 -1 -1 -1 34 -1 -1 -1 -1 -1 -1 -1 -1 -1 -1 -1 -1 -1 -1 -1 -1 -1 -1 -1 -1 -1 
-1 -1 -1 -1 -1 -1 -1 -1 -1 -1 -1 -1 -1 -1 -1 -1 -1 -1 -1 -1 -1 -1 -1 -1 -1 -1 -1 -1 -1 -1 -1 -1 -1 -1 -1 -1 -1 -1 -1 -1 -1 -1 -1 -1 -1 -1 -1 -1 -1 -1 -1 -1 -1 -1 -1 -1 -1 -1 -1 -1 -1 -1 -1 -1 -1 -1 -1 -1 -1 -1 -1 -1 -1 -1 -1 -1 -1 -1 88 -1 -1 -1 -1 -1 -1 -1 -1 -1 -1 -1 -1 -1 -1 -1 -1 -1 -1 -1 -1 -1 
-1 -1 -1 -1 -1 -1 -1 -1 -1 -1 -1 -1 -1 -1 -1 -1 -1 -1 -1 -1 -1 -1 -1 -1 -1 -1 -1 -1 -1 -1 -1 -1 -1 -1 -1 -1 -1 -1 -1 -1 -1 -1 -1 -1 -1 -1 -1 -1 -1 -1 -1 -1 -1 -1 -1 -1 -1 -1 -1 -1 -1 -1 -1 -1 -1 -1 -1 -1 -1 -1 -1 -1 -1 -1 -1 -1 -1 -1 21 -1 -1 -1 -1 -1 -1 -1 -1 -1 -1 -1 -1 -1 -1 -1 -1 -1 -1 -1 -1 -1 
-1 -1 -1 -1 -1 -1 -1 -1 -1 -1 -1 -1 -1 -1 -1 -1 -1 -1 -1 -1 -1 -1 -1 -1 -1 -1 -1 -1 -1 -1 -1 -1 -1 -1 -1 -1 -1 -1 -1 -1 -1 -1 -1 -1 -1 -1 -1 -1 -1 -1 -1 -1 -1 -1 -1 -1 -1 -1 -1 -1 -1 -1 -1 -1 -1 -1 -1 -1 -1 -1 -1 -1 -1 -1 -1 -1 -1 -1 118 -1 -1 -1 -1 -1 -1 -1 -1 -1 -1 -1 -1 -1 -1 -1 -1 -1 -1 -1 -1 -1 
-1 -1 -1 -1 -1 -1 -1 -1 -1 -1 -1 -1 -1 -1 -1 -1 -1 -1 -1 -1 -1 -1 -1 -1 -1 -1 -1 -1 -1 -1 -1 -1 -1 -1 -1 -1 -1 -1 -1 -1 -1 -1 -1 -1 -1 -1 -1 -1 -1 -1 -1 -1 -1 -1 -1 -1 -1 -1 -1 -1 -1 -1 -1 -1 -1 -1 -1 -1 -1 -1 -1 -1 -1 -1 -1 -1 -1 -1 32 -1 -1 -1 -1 -1 -1 -1 -1 -1 -1 -1 -1 -1 -1 -1 -1 -1 -1 -1 -1 -1 
-1 -1 -1 -1 -1 -1 -1 -1 -1 -1 -1 -1 -1 -1 -1 -1 -1 -1 -1 -1 -1 -1 -1 -1 -1 -1 -1 -1 -1 -1 -1 -1 -1 -1 -1 -1 -1 -1 -1 -1 -1 -1 -1 -1 -1 -1 -1 -1 -1 -1 -1 -1 -1 -1 -1 -1 -1 -1 -1 -1 -1 -1 -1 -1 -1 -1 -1 -1 -1 -1 -1 -1 -1 -1 -1 -1 -1 -1 90 -1 -1 -1 -1 -1 -1 -1 -1 -1 -1 -1 -1 -1 -1 -1 -1 -1 -1 -1 -1 -1 
-1 -1 -1 -1 -1 -1 -1 -1 -1 -1 -1 -1 -1 -1 -1 -1 -1 -1 -1 -1 -1 -1 -1 -1 -1 -1 -1 -1 -1 -1 -1 -1 -1 -1 -1 -1 -1 -1 -1 -1 -1 -1 -1 -1 -1 -1 -1 -1 -1 -1 -1 -1 -1 -1 -1 -1 -1 -1 -1 -1 -1 -1 -1 -1 -1 -1 -1 -1 -1 -1 -1 -1 -1 -1 -1 -1 -1 -1 67 -1 -1 -1 -1 -1 -1 -1 -1 -1 -1 -1 -1 -1 -1 -1 -1 -1 -1 -1 -1 -1 
-1 -1 -1 -1 -1 -1 -1 -1 -1 -1 -1 -1 -1 -1 -1 -1 -1 -1 -1 -1 -1 -1 -1 -1 -1 -1 -1 -1 -1 -1 -1 -1 -1 -1 -1 -1 -1 -1 -1 -1 -1 -1 -1 -1 -1 -1 -1 -1 -1 -1 -1 -1 -1 -1 -1 -1 -1 -1 -1 -1 -1 -1 -1 -1 -1 -1 -1 -1 -1 -1 -1 -1 -1 -1 -1 -1 -1 -1 17 -1 -1 -1 -1 -1 -1 -1 -1 -1 -1 -1 -1 -1 -1 -1 -1 -1 -1 -1 -1 -1 
-1 -1 -1 -1 -1 -1 -1 -1 -1 -1 -1 -1 -1 -1 -1 -1 -1 -1 -1 -1 -1 -1 -1 -1 -1 -1 -1 -1 -1 -1 -1 -1 -1 -1 -1 -1 -1 -1 -1 -1 -1 -1 -1 -1 -1 -1 -1 -1 -1 -1 -1 -1 -1 -1 -1 -1 -1 -1 -1 -1 -1 -1 -1 -1 -1 -1 -1 -1 -1 -1 -1 -1 -1 -1 -1 -1 -1 -1 80 -1 -1 -1 -1 -1 -1 -1 -1 -1 -1 -1 -1 -1 -1 -1 -1 -1 -1 -1 -1 -1 
-1 -1 -1 -1 -1 -1 -1 -1 -1 -1 -1 -1 -1 -1 -1 -1 -1 -1 -1 -1 -1 -1 -1 -1 -1 -1 -1 -1 -1 -1 -1 -1 -1 -1 -1 -1 -1 -1 -1 -1 -1 -1 -1 -1 -1 -1 -1 -1 -1 -1 -1 -1 -1 -1 -1 -1 -1 -1 -1 -1 -1 -1 -1 -1 -1 -1 -1 -1 -1 -1 -1 -1 -1 -1 -1 -1 -1 -1 80 -1 -1 -1 -1 -1 -1 -1 -1 -1 -1 -1 -1 -1 -1 -1 -1 -1 -1 -1 -1 -1 
-1 -1 -1 -1 -1 -1 -1 -1 -1 -1 -1 -1 -1 -1 -1 -1 -1 -1 -1 -1 -1 -1 -1 -1 -1 -1 -1 -1 -1 -1 -1 -1 -1 -1 -1 -1 -1 -1 -1 -1 -1 -1 -1 -1 -1 -1 -1 -1 -1 -1 -1 -1 -1 -1 -1 -1 -1 -1 -1 -1 -1 -1 -1 -1 -1 -1 -1 -1 -1 -1 -1 -1 -1 -1 -1 -1 -1 -1 78 -1 -1 -1 -1 -1 -1 -1 -1 -1 -1 -1 -1 -1 -1 -1 -1 -1 -1 -1 -1 -1 
-1 -1 -1 -1 -1 -1 -1 -1 -1 -1 -1 -1 -1 -1 -1 -1 -1 -1 -1 -1 -1 -1 -1 -1 -1 -1 -1 -1 -1 -1 -1 -1 -1 -1 -1 -1 -1 -1 -1 -1 -1 -1 -1 -1 -1 -1 -1 -1 -1 -1 -1 -1 -1 -1 -1 -1 -1 -1 -1 -1 -1 -1 -1 -1 -1 -1 -1 -1 -1 -1 -1 -1 -1 -1 -1 -1 -1 -1 97 -1 -1 -1 -1 -1 -1 -1 -1 -1 -1 -1 -1 -1 -1 -1 -1 -1 -1 -1 -1 -1 
-1 -1 -1 -1 -1 -1 -1 -1 -1 -1 -1 -1 -1 -1 -1 -1 -1 -1 -1 -1 -1 -1 -1 -1 -1 -1 -1 -1 -1 -1 -1 -1 -1 -1 -1 -1 -1 -1 -1 -1 -1 -1 -1 -1 -1 -1 -1 -1 -1 -1 -1 -1 -1 -1 -1 -1 -1 -1 -1 -1 -1 -1 -1 -1 -1 -1 -1 -1 -1 -1 -1 -1 -1 -1 -1 -1 -1 -1 89 -1 -1 -1 -1 -1 -1 -1 -1 -1 -1 -1 -1 -1 -1 -1 -1 -1 -1 -1 -1 -1 
-1 -1 -1 -1 -1 -1 -1 -1 -1 -1 -1 -1 -1 -1 -1 -1 -1 -1 -1 -1 -1 -1 -1 -1 -1 -1 -1 -1 -1 -1 -1 -1 -1 -1 -1 -1 -1 -1 -1 -1 -1 -1 -1 -1 -1 -1 -1 -1 -1 -1 -1 -1 -1 -1 -1 -1 -1 -1 -1 -1 -1 -1 -1 -1 -1 -1 -1 -1 -1 -1 -1 -1 -1 -1 -1 -1 -1 -1 45 -1 -1 -1 -1 -1 -1 -1 -1 -1 -1 -1 -1 -1 -1 -1 -1 -1 -1 -1 -1 -1 
-1 -1 -1 -1 -1 -1 -1 -1 -1 -1 -1 -1 -1 -1 -1 -1 -1 -1 -1 -1 -1 -1 -1 -1 -1 -1 -1 -1 -1 -1 -1 -1 -1 -1 -1 -1 -1 -1 -1 -1 -1 -1 -1 -1 -1 -1 -1 -1 -1 -1 -1 -1 -1 -1 -1 -1 -1 -1 -1 -1 -1 -1 -1 -1 -1 -1 -1 -1 -1 -1 -1 -1 -1 -1 -1 -1 -1 -1 12 -1 -1 -1 -1 -1 -1 -1 -1 -1 -1 -1 -1 -1 -1 -1 -1 -1 -1 -1 -1 -1 
-1 -1 -1 -1 -1 -1 -1 -1 -1 -1 -1 -1 -1 -1 -1 -1 -1 -1 -1 -1 -1 -1 -1 -1 -1 -1 -1 -1 -1 -1 -1 -1 -1 -1 -1 -1 -1 -1 -1 -1 -1 -1 -1 -1 -1 -1 -1 -1 -1 -1 -1 -1 -1 -1 -1 -1 -1 -1 -1 -1 -1 -1 -1 -1 -1 -1 -1 -1 -1 -1 -1 -1 -1 -1 -1 -1 -1 -1 28 -1 -1 -1 -1 -1 -1 -1 -1 -1 -1 -1 -1 -1 -1 -1 -1 -1 -1 -1 -1 -1 
-1 -1 -1 -1 -1 -1 -1 -1 -1 -1 -1 -1 -1 -1 -1 -1 -1 -1 -1 -1 -1 -1 -1 -1 -1 -1 -1 -1 -1 -1 -1 -1 -1 -1 -1 -1 -1 -1 -1 -1 -1 -1 -1 -1 -1 -1 -1 -1 -1 -1 -1 -1 -1 -1 -1 -1 -1 -1 -1 -1 -1 -1 -1 -1 -1 -1 -1 -1 -1 -1 -1 -1 -1 -1 -1 -1 -1 -1 63 -1 -1 -1 -1 -1 -1 -1 -1 -1 -1 -1 -1 -1 -1 -1 -1 -1 -1 -1 -1 -1 
-1 -1 -1 -1 -1 -1 -1 -1 -1 -1 -1 -1 -1 -1 -1 -1 -1 -1 -1 -1 -1 -1 -1 -1 -1 -1 -1 -1 -1 -1 -1 -1 -1 -1 -1 -1 -1 -1 -1 -1 -1 -1 -1 -1 -1 -1 -1 -1 -1 -1 -1 -1 -1 -1 -1 -1 -1 -1 -1 -1 -1 -1 -1 -1 -1 -1 -1 -1 -1 -1 -1 -1 -1 -1 -1 -1 -1 -1 120 -1 -1 -1 -1 -1 -1 -1 -1 -1 -1 -1 -1 -1 -1 -1 -1 -1 -1 -1 -1 -1 
-1 -1 -1 -1 -1 -1 -1 -1 -1 -1 -1 -1 -1 -1 -1 -1 -1 -1 -1 -1 -1 -1 -1 -1 -1 -1 -1 -1 -1 -1 -1 -1 -1 -1 -1 -1 -1 -1 -1 -1 -1 -1 -1 -1 -1 -1 -1 -1 -1 -1 -1 -1 -1 -1 -1 -1 -1 -1 -1 -1 -1 -1 -1 -1 -1 -1 -1 -1 -1 -1 -1 -1 -1 -1 -1 -1 -1 -1 10 -1 -1 -1 -1 -1 -1 -1 -1 -1 -1 -1 -1 -1 -1 -1 -1 -1 -1 -1 -1 -1 
-1 -1 -1 -1 -1 -1 -1 -1 -1 -1 -1 -1 -1 -1 -1 -1 -1 -1 -1 -1 -1 -1 -1 -1 -1 -1 -1 -1 -1 -1 -1 -1 -1 -1 -1 -1 -1 -1 -1 -1 -1 -1 -1 -1 -1 -1 -1 -1 -1 -1 -1 -1 -1 -1 -1 -1 -1 -1 -1 -1 -1 -1 -1 -1 -1 -1 -1 -1 -1 -1 -1 -1 -1 -1 -1 -1 -1 -1 34 -1 -1 -1 -1 -1 -1 -1 -1 -1 -1 -1 -1 -1 -1 -1 -1 -1 -1 -1 -1 -1 
-1 -1 -1 -1 -1 -1 -1 -1 -1 -1 -1 -1 -1 -1 -1 -1 -1 -1 -1 -1 -1 -1 -1 -1 -1 -1 -1 -1 -1 -1 -1 -1 -1 -1 -1 -1 -1 -1 -1 -1 -1 -1 -1 -1 -1 -1 -1 -1 -1 -1 -1 -1 -1 -1 -1 -1 -1 -1 -1 -1 -1 -1 -1 -1 -1 -1 -1 -1 -1 -1 -1 -1 -1 -1 -1 -1 -1 -1 10 -1 -1 -1 -1 -1 -1 -1 -1 -1 -1 -1 -1 -1 -1 -1 -1 -1 -1 -1 -1 -1 
-1 -1 -1 -1 -1 -1 -1 -1 -1 -1 -1 -1 -1 -1 -1 -1 -1 -1 -1 -1 -1 -1 -1 -1 -1 -1 -1 -1 -1 -1 -1 -1 -1 -1 -1 -1 -1 -1 -1 -1 -1 -1 -1 -1 -1 -1 -1 -1 -1 -1 -1 -1 -1 -1 -1 -1 -1 -1 -1 -1 -1 -1 -1 -1 -1 -1 -1 -1 -1 -1 -1 -1 -1 -1 -1 -1 -1 -1 49 -1 -1 -1 -1 -1 -1 -1 -1 -1 -1 -1 -1 -1 -1 -1 -1 -1 -1 -1 -1 -1 
-1 -1 -1 -1 -1 -1 -1 -1 -1 -1 -1 -1 -1 -1 -1 -1 -1 -1 -1 -1 -1 -1 -1 -1 -1 -1 -1 -1 -1 -1 -1 -1 -1 -1 -1 -1 -1 -1 -1 -1 -1 -1 -1 -1 -1 -1 -1 -1 -1 -1 -1 -1 -1 -1 -1 -1 -1 -1 -1 -1 -1 -1 -1 -1 -1 -1 -1 -1 -1 -1 -1 -1 -1 -1 -1 -1 -1 -1 89 -1 -1 -1 -1 -1 -1 -1 -1 -1 -1 -1 -1 -1 -1 -1 -1 -1 -1 -1 -1 -1 
-1 -1 -1 -1 -1 -1 -1 -1 -1 -1 -1 -1 -1 -1 -1 -1 -1 -1 -1 -1 -1 -1 -1 -1 -1 -1 -1 -1 -1 -1 -1 -1 -1 -1 -1 -1 -1 -1 -1 -1 -1 -1 -1 -1 -1 -1 -1 -1 -1 -1 -1 -1 -1 -1 -1 -1 -1 -1 -1 -1 -1 -1 -1 -1 -1 -1 -1 -1 -1 -1 -1 -1 -1 -1 -1 -1 -1 -1 88 -1 -1 -1 -1 -1 -1 -1 -1 -1 -1 -1 -1 -1 -1 -1 -1 -1 -1 -1 -1 -1 
-1 -1 -1 -1 -1 -1 -1 -1 -1 -1 -1 -1 -1 -1 -1 -1 -1 -1 -1 -1 -1 -1 -1 -1 -1 -1 -1 -1 -1 -1 -1 -1 -1 -1 -1 -1 -1 -1 -1 -1 -1 -1 -1 -1 -1 -1 -1 -1 -1 -1 -1 -1 -1 -1 -1 -1 -1 -1 -1 -1 -1 -1 -1 -1 -1 -1 -1 -1 -1 -1 -1 -1 -1 -1 -1 -1 -1 -1 93 -1 -1 -1 -1 -1 -1 -1 -1 -1 -1 -1 -1 -1 -1 -1 -1 -1 -1 -1 -1 -1 
-1 -1 -1 -1 -1 -1 -1 -1 -1 -1 -1 -1 -1 -1 -1 -1 -1 -1 -1 -1 -1 -1 -1 -1 -1 -1 -1 -1 -1 -1 -1 -1 -1 -1 -1 -1 -1 -1 -1 -1 -1 -1 -1 -1 -1 -1 -1 -1 -1 -1 -1 -1 -1 -1 -1 -1 -1 -1 -1 -1 -1 -1 -1 -1 -1 -1 -1 -1 -1 -1 -1 -1 -1 -1 -1 -1 -1 -1 108 -1 -1 -1 -1 -1 -1 -1 -1 -1 -1 -1 -1 -1 -1 -1 -1 -1 -1 -1 -1 -1 
-1 -1 -1 -1 -1 -1 -1 -1 -1 -1 -1 -1 -1 -1 -1 -1 -1 -1 -1 -1 -1 -1 -1 -1 -1 -1 -1 -1 -1 -1 -1 -1 -1 -1 -1 -1 -1 -1 -1 -1 -1 -1 -1 -1 -1 -1 -1 -1 -1 -1 -1 -1 -1 -1 -1 -1 -1 -1 -1 -1 -1 -1 -1 -1 -1 -1 -1 -1 -1 -1 -1 -1 -1 -1 -1 -1 -1 -1 70 -1 -1 -1 -1 -1 -1 -1 -1 -1 -1 -1 -1 -1 -1 -1 -1 -1 -1 -1 -1 -1 
-1 -1 -1 -1 -1 -1 -1 -1 -1 -1 -1 -1 -1 -1 -1 -1 -1 -1 -1 -1 -1 -1 -1 -1 -1 -1 -1 -1 -1 -1 -1 -1 -1 -1 -1 -1 -1 -1 -1 -1 -1 -1 -1 -1 -1 -1 -1 -1 -1 -1 -1 -1 -1 -1 -1 -1 -1 -1 -1 -1 -1 -1 -1 -1 -1 -1 -1 -1 -1 -1 -1 -1 -1 -1 -1 -1 -1 -1 55 -1 -1 -1 -1 -1 -1 -1 -1 -1 -1 -1 -1 -1 -1 -1 -1 -1 -1 -1 -1 -1 
-1 -1 -1 -1 -1 -1 -1 -1 -1 -1 -1 -1 -1 -1 -1 -1 -1 -1 -1 -1 -1 -1 -1 -1 -1 -1 -1 -1 -1 -1 -1 -1 -1 -1 -1 -1 -1 -1 -1 -1 -1 -1 -1 -1 -1 -1 -1 -1 -1 -1 -1 -1 -1 -1 -1 -1 -1 -1 -1 -1 -1 -1 -1 -1 -1 -1 -1 -1 -1 -1 -1 -1 -1 -1 -1 -1 -1 -1 49 -1 -1 -1 -1 -1 -1 -1 -1 -1 -1 -1 -1 -1 -1 -1 -1 -1 -1 -1 -1 -1 
-1 -1 -1 -1 -1 -1 -1 -1 -1 -1 -1 -1 -1 -1 -1 -1 -1 -1 -1 -1 -1 -1 -1 -1 -1 -1 -1 -1 -1 -1 -1 -1 -1 -1 -1 -1 -1 -1 -1 -1 -1 -1 -1 -1 -1 -1 -1 -1 -1 -1 -1 -1 -1 -1 -1 -1 -1 -1 -1 -1 -1 -1 -1 -1 -1 -1 -1 -1 -1 -1 -1 -1 -1 -1 -1 -1 -1 -1 -1 3 -1 -1 -1 -1 -1 -1 -1 -1 -1 -1 -1 -1 -1 -1 -1 -1 -1 -1 -1 -1 
-1 -1 -1 -1 -1 -1 -1 -1 -1 -1 -1 -1 -1 -1 -1 -1 -1 -1 -1 -1 -1 -1 -1 -1 -1 -1 -1 -1 -1 -1 -1 -1 -1 -1 -1 -1 -1 -1 -1 -1 -1 -1 -1 -1 -1 -1 -1 -1 -1 -1 -1 -1 -1 -1 -1 -1 -1 -1 -1 -1 -1 -1 -1 -1 -1 -1 -1 -1 -1 -1 -1 -1 -1 -1 -1 -1 -1 -1 -1 -1 64 82 90 85 72 121 46 10 10 126 89 87 94 49 4 105 -1 -1 -1 -1 
-1 -1 -1 -1 -1 -1 -1 -1 -1 -1 -1 -1 -1 -1 -1 -1 -1 -1 -1 -1 -1 -1 -1 -1 -1 -1 -1 -1 -1 -1 -1 -1 -1 -1 -1 -1 -1 -1 -1 -1 -1 -1 -1 -1 -1 -1 -1 -1 -1 -1 -1 -1 -1 -1 -1 -1 -1 -1 -1 -1 -1 -1 -1 -1 -1 -1 -1 -1 -1 -1 -1 -1 -1 -1 -1 -1 -1 -1 -1 -1 -1 -1 -1 -1 -1 -1 -1 -1 -1 -1 -1 -1 -1 -1 -1 -1 76 -1 -1 -1 
-1 -1 -1 -1 -1 -1 -1 -1 -1 -1 -1 -1 -1 -1 -1 -1 -1 -1 -1 -1 -1 -1 -1 -1 -1 -1 -1 -1 -1 -1 -1 -1 -1 -1 -1 -1 -1 -1 -1 -1 -1 -1 -1 -1 -1 -1 -1 -1 -1 -1 -1 -1 -1 -1 -1 -1 -1 -1 -1 -1 -1 -1 -1 -1 -1 -1 -1 -1 -1 -1 -1 -1 -1 -1 -1 -1 -1 -1 -1 -1 -1 -1 -1 -1 -1 -1 -1 -1 -1 -1 -1 -1 -1 -1 -1 -1 66 -1 -1 -1 
-1 -1 -1 -1 -1 -1 -1 -1 -1 -1 -1 -1 -1 -1 -1 -1 -1 -1 -1 -1 -1 -1 -1 -1 -1 -1 -1 -1 -1 -1 -1 -1 -1 -1 -1 -1 -1 -1 -1 -1 -1 -1 -1 -1 -1 -1 -1 -1 -1 -1 -1 -1 -1 -1 -1 -1 -1 -1 -1 -1 -1 -1 -1 -1 -1 -1 -1 -1 -1 -1 -1 -1 -1 -1 -1 -1 -1 -1 -1 -1 -1 -1 -1 -1 -1 -1 -1 -1 -1 -1 -1 -1 -1 -1 -1 -1 96 -1 -1 -1 
-1 -1 -1 -1 -1 -1 -1 -1 -1 -1 -1 -1 -1 -1 -1 -1 -1 -1 -1 -1 -1 -1 -1 -1 -1 -1 -1 -1 -1 -1 -1 -1 -1 -1 -1 -1 -1 -1 -1 -1 -1 -1 -1 -1 -1 -1 -1 -1 -1 -1 -1 -1 -1 -1 -1 -1 -1 -1 -1 -1 -1 -1 -1 -1 -1 -1 -1 -1 -1 -1 -1 -1 -1 -1 -1 -1 -1 -1 -1 -1 -1 -1 -1 -1 -1 -1 -1 -1 -1 -1 -1 -1 -1 -1 -1 -1 85 -1 -1 -1 
-1 -1 -1 -1 -1 -1 -1 -1 -1 -1 -1 -1 -1 -1 -1 -1 -1 -1 -1 -1 -1 -1 -1 -1 -1 -1 -1 -1 -1 -1 -1 -1 -1 -1 -1 -1 -1 -1 -1 -1 -1 -1 -1 -1 -1 -1 -1 -1 -1 -1 -1 -1 -1 -1 -1 -1 -1 -1 -1 -1 -1 -1 -1 -1 -1 -1 -1 -1 -1 -1 -1 -1 -1 -1 -1 -1 -1 -1 -1 -1 -1 -1 -1 -1 -1 -1 -1 -1 -1 -1 -1 -1 -1 -1 -1 -1 100 -1 -1 -1 
-1 -1 -1 -1 -1 -1 -1 -1 -1 -1 -1 -1 -1 -1 -1 -1 -1 -1 -1 -1 -1 -1 -1 -1 -1 -1 -1 -1 -1 -1 -1 -1 -1 -1 -1 -1 -1 -1 -1 -1 -1 -1 -1 -1 -1 -1 -1 -1 -1 -1 -1 -1 -1 -1 -1 -1 -1 -1 -1 -1 -1 -1 -1 -1 -1 -1 -1 -1 -1 -1 -1 -1 -1 -1 -1 -1 -1 -1 -1 -1 -1 -1 -1 -1 -1 -1 -1 -1 -1 -1 -1 -1 -1 -1 -1 -1 105 -1 -1 -1 
-1 -1 -1 -1 -1 -1 -1 -1 -1 -1 -1 -1 -1 -1 -1 -1 -1 -1 -1 -1 -1 -1 -1 -1 -1 -1 -1 -1 -1 -1 -1 -1 -1 -1 -1 -1 -1 -1 -1 -1 -1 -1 -1 -1 -1 -1 -1 -1 -1 -1 -1 -1 -1 -1 -1 -1 -1 -1 -1 -1 -1 -1 -1 -1 -1 -1 -1 -1 -1 -1 -1 -1 -1 -1 -1 -1 -1 -1 -1 -1 -1 -1 -1 -1 -1 -1 -1 -1 -1 -1 -1 -1 -1 -1 -1 -1 5 -1 -1 -1 
-1 -1 -1 -1 -1 -1 -1 -1 -1 -1 -1 -1 -1 -1 -1 -1 -1 -1 -1 -1 -1 -1 -1 -1 -1 -1 -1 -1 -1 -1 -1 -1 -1 -1 -1 -1 -1 -1 -1 -1 -1 -1 -1 -1 -1 -1 -1 -1 -1 -1 -1 -1 -1 -1 -1 -1 -1 -1 -1 -1 -1 -1 -1 -1 -1 -1 -1 -1 -1 -1 -1 -1 -1 -1 -1 -1 -1 -1 -1 -1 -1 -1 -1 -1 -1 -1 -1 -1 -1 -1 -1 -1 -1 -1 -1 -1 60 -1 -1 -1 
-1 -1 -1 -1 -1 -1 -1 -1 -1 -1 -1 -1 -1 -1 -1 -1 -1 -1 -1 -1 -1 -1 -1 -1 -1 -1 -1 -1 -1 -1 -1 -1 -1 -1 -1 -1 -1 -1 -1 -1 -1 -1 -1 -1 -1 -1 -1 -1 -1 -1 -1 -1 -1 -1 -1 -1 -1 -1 -1 -1 -1 -1 -1 -1 -1 -1 -1 -1 -1 -1 -1 -1 -1 -1 -1 -1 -1 -1 -1 -1 -1 -1 -1 -1 -1 -1 -1 -1 -1 -1 -1 -1 -1 -1 -1 -1 65 -1 -1 -1 
-1 -1 -1 -1 -1 -1 -1 -1 -1 -1 -1 -1 -1 -1 -1 -1 -1 -1 -1 -1 -1 -1 -1 -1 -1 -1 -1 -1 -1 -1 -1 -1 -1 -1 -1 -1 -1 -1 -1 -1 -1 -1 -1 -1 -1 -1 -1 -1 -1 -1 -1 -1 -1 -1 -1 -1 -1 -1 -1 -1 -1 -1 -1 -1 -1 -1 -1 -1 -1 -1 -1 -1 -1 -1 -1 -1 -1 -1 -1 -1 -1 -1 -1 -1 -1 -1 -1 -1 -1 -1 -1 -1 -1 -1 -1 -1 98 -1 -1 -1 
-1 -1 -1 -1 -1 -1 -1 -1 -1 -1 -1 -1 -1 -1 -1 -1 -1 -1 -1 -1 -1 -1 -1 -1 -1 -1 -1 -1 -1 -1 -1 -1 -1 -1 -1 -1 -1 -1 -1 -1 -1 -1 -1 -1 -1 -1 -1 -1 -1 -1 -1 -1 -1 -1 -1 -1 -1 -1 -1 -1 -1 -1 -1 -1 -1 -1 -1 -1 -1 -1 -1 -1 -1 -1 -1 -1 -1 -1 -1 -1 -1 -1 -1 -1 -1 -1 -1 -1 -1 -1 -1 -1 -1 -1 -1 -1 39 -1 -1 -1 
-1 -1 -1 -1 -1 -1 -1 -1 -1 -1 -1 -1 -1 -1 -1 -1 -1 -1 -1 -1 -1 -1 -1 -1 -1 -1 -1 -1 -1 -1 -1 -1 -1 -1 -1 -1 -1 -1 -1 -1 -1 -1 -1 -1 -1 -1 -1 -1 -1 -1 -1 -1 -1 -1 -1 -1 -1 -1 -1 -1 -1 -1 -1 -1 -1 -1 -1 -1 -1 -1 -1 -1 -1 -1 -1 -1 -1 -1 -1 -1 -1 -1 -1 -1 -1 -1 -1 -1 -1 -1 -1 -1 -1 -1 -1 -1 6 -1 -1 -1 
-1 -1 -1 -1 -1 -1 -1 -1 -1 -1 -1 -1 -1 -1 -1 -1 -1 -1 -1 -1 -1 -1 -1 -1 -1 -1 -1 -1 -1 -1 -1 -1 -1 -1 -1 -1 -1 -1 -1 -1 -1 -1 -1 -1 -1 -1 -1 -1 -1 -1 -1 -1 -1 -1 -1 -1 -1 -1 -1 -1 -1 -1 -1 -1 -1 -1 -1 -1 -1 -1 -1 -1 -1 -1 -1 -1 -1 -1 -1 -1 -1 -1 -1 -1 -1 -1 -1 -1 -1 -1 -1 -1 -1 -1 -1 -1 24 -1 -1 -1 
-1 -1 -1 -1 -1 -1 -1 -1 -1 -1 -1 -1 -1 -1 -1 -1 -1 -1 -1 -1 -1 -1 -1 -1 -1 -1 -1 -1 -1 -1 -1 -1 -1 -1 -1 -1 -1 -1 -1 -1 -1 -1 -1 -1 -1 -1 -1 -1 -1 -1 -1 -1 -1 -1 -1 -1 -1 -1 -1 -1 -1 -1 -1 -1 -1 -1 -1 -1 -1 -1 -1 -1 -1 -1 -1 -1 -1 -1 -1 -1 -1 -1 -1 -1 -1 -1 -1 -1 -1 -1 -1 -1 -1 -1 -1 -1 87 -1 -1 -1 
-1 -1 -1 -1 -1 -1 -1 -1 -1 -1 -1 -1 -1 -1 -1 -1 -1 -1 -1 -1 -1 -1 -1 -1 -1 -1 -1 -1 -1 -1 -1 -1 -1 -1 -1 -1 -1 -1 -1 -1 -1 -1 -1 -1 -1 -1 -1 -1 -1 -1 -1 -1 -1 -1 -1 -1 -1 -1 -1 -1 -1 -1 -1 -1 -1 -1 -1 -1 -1 -1 -1 -1 -1 -1 -1 -1 -1 -1 -1 -1 -1 -1 -1 -1 -1 -1 -1 -1 -1 -1 -1 -1 -1 -1 -1 -1 8 -1 -1 -1 
-1 -1 -1 -1 -1 -1 -1 -1 -1 -1 -1 -1 -1 -1 -1 -1 -1 -1 -1 -1 -1 -1 -1 -1 -1 -1 -1 -1 -1 -1 -1 -1 -1 -1 -1 -1 -1 -1 -1 -1 -1 -1 -1 -1 -1 -1 -1 -1 -1 -1 -1 -1 -1 -1 -1 -1 -1 -1 -1 -1 -1 -1 -1 -1 -1 -1 -1 -1 -1 -1 -1 -1 -1 -1 -1 -1 -1 -1 -1 -1 -1 -1 -1 -1 -1 -1 -1 -1 -1 -1 -1 -1 -1 -1 -1 -1 88 -1 -1 -1 
-1 -1 -1 -1 -1 -1 -1 -1 -1 -1 -1 -1 -1 -1 -1 -1 -1 -1 -1 -1 -1 -1 -1 -1 -1 -1 -1 -1 -1 -1 -1 -1 -1 -1 -1 -1 -1 -1 -1 -1 -1 -1 -1 -1 -1 -1 -1 -1 -1 -1 -1 -1 -1 -1 -1 -1 -1 -1 -1 -1 -1 -1 -1 -1 -1 -1 -1 -1 -1 -1 -1 -1 -1 -1 -1 -1 -1 -1 -1 -1 -1 -1 -1 -1 -1 -1 -1 -1 -1 -1 -1 -1 -1 -1 -1 -1 -1 41 -1 -1 
-1 -1 -1 -1 -1 -1 -1 -1 -1 -1 -1 -1 -1 -1 -1 -1 -1 -1 -1 -1 -1 -1 -1 -1 -1 -1 -1 -1 -1 -1 -1 -1 -1 -1 -1 -1 -1 -1 -1 -1 -1 -1 -1 -1 -1 -1 -1 -1 -1 -1 -1 -1 -1 -1 -1 -1 -1 -1 -1 -1 -1 -1 -1 -1 -1 -1 -1 -1 -1 -1 -1 -1 -1 -1 -1 -1 -1 -1 -1 -1 -1 -1 -1 -1 -1 -1 -1 -1 -1 -1 -1 -1 -1 -1 -1 -1 -1 -1 97 -1 
-1 -1 -1 -1 -1 -1 -1 -1 -1 -1 -1 -1 -1 -1 -1 -1 -1 -1 -1 -1 -1 -1 -1 -1 -1 -1 -1 -1 -1 -1 -1 -1 -1 -1 -1 -1 -1 -1 -1 -1 -1 -1 -1 -1 -1 -1 -1 -1 -1 -1 -1 -1 -1 -1 -1 -1 -1 -1 -1 -1 -1 -1 -1 -1 -1 -1 -1 -1 -1 -1 -1 -1 -1 -1 -1 -1 -1 -1 -1 -1 -1 -1 -1 -1 -1 -1 -1 -1 -1 -1 -1 -1 -1 -1 -1 -1 -1 -1 -1 44 
-1 -1 -1 -1 -1 -1 -1 -1 -1 -1 -1 -1 -1 -1 -1 -1 -1 -1 -1 -1 -1 -1 -1 -1 -1 -1 -1 -1 -1 -1 -1 -1 -1 -1 -1 -1 -1 -1 -1 -1 -1 -1 -1 -1 -1 -1 -1 -1 -1 -1 -1 -1 -1 -1 -1 -1 -1 -1 -1 -1 -1 -1 -1 -1 -1 -1 -1 -1 -1 -1 -1 -1 -1 -1 -1 -1 -1 -1 -1 -1 -1 -1 -1 -1 -1 -1 -1 -1 -1 -1 -1 -1 -1 -1 -1 -1 -1 -1 -1 -1 
