40 32
17 10 35 53 26 17 86 84 62 63 91 26 78 41 82 76 83 66 75 72 20 84 84 12 24 83 93 22 44 29 47 34 
87 88 56 71 27 60 80 39 70 87 48 17 62 72 41 89 66 12 94 19 82 80 88 73 93 73 29 11 76 47 83 38 
72 29 67 18 53 24 70 68 36 83 63 35 11 55 38 39 84 50 75 30 20 58 37 86 19 68 48 25 47 93 85 62 
28 53 76 23 28 51 27 40 78 22 44 95 64 89 35 24 35 46 73 88 94 39 66 58 28 33 83 43 26 66 81 97 
89 20 94 69 97 17 84 29 68 41 65 40 96 97 14 23 47 87 99 82 65 97 79 63 49 69 64 89 97 90 32 79 
31 97 99 52 26 48 89 15 63 24 11 21 30 50 59 35 24 30 64 32 13 64 24 52 91 23 89 31 59 39 69 86 
25 39 64 33 57 19 74 27 87 36 66 80 50 26 47 77 39 14 73 60 89 15 90 80 84 62 30 57 25 36 50 17 
12 71 29 12 54 22 55 71 65 16 89 17 56 43 66 96 87 23 83 87 36 54 47 28 76 53 30 20 22 97 66 55 
19 23 53 60 43 39 96 20 58 57 26 51 29 97 36 57 74 63 40 68 62 31 32 11 23 65 39 24 25 45 82 30 
60 77 53 40 13 39 35 28 40 58 98 89 52 39 80 35 96 97 20 83 66 56 21 63 89 59 64 25 24 32 73 63 
83 73 67 98 40 28 95 35 28 80 74 54 46 65 76 76 15 73 69 39 69 73 96 58 54 54 46 29 39 25 11 73 
37 11 75 77 52 72 94 67 84 97 13 97 45 40 22 89 59 73 96 85 39 73 35 31 37 94 59 71 97 43 34 27 
37 61 34 10 76 38 42 12 87 37 50 47 25 69 31 25 77 15 55 49 89 75 78 89 68 97 29 19 97 73 27 67 
63 62 77 30 27 49 62 27 32 96 50 76 78 31 74 43 88 46 23 32 81 25 46 67 18 86 45 49 14 24 64 87 
61 49 52 98 56 53 44 84 94 93 76 78 30 48 35 72 74 49 41 56 80 69 79 66 84 19 27 80 45 46 15 15 
48 81 95 36 29 88 25 68 12 56 52 45 43 63 50 50 42 60 13 33 69 87 86 15 55 84 15 37 92 83 85 72 
98 68 41 60 61 18 12 51 29 53 48 25 21 17 27 26 83 61 82 22 37 65 93 93 55 77 23 16 54 78 52 67 
18 93 13 42 65 32 52 92 87 79 82 59 99 17 82 47 60 72 72 77 65 26 32 98 25 93 89 79 62 77 56 34 
64 53 45 77 32 54 35 20 57 65 75 94 50 59 65 63 14 66 88 77 44 28 85 86 69 90 20 90 80 48 39 75 
78 27 49 40 18 48 43 78 77 99 88 70 59 23 20 36 88 39 75 58 44 76 54 58 79 77 76 98 56 70 80 87 
54 47 81 31 96 80 47 28 39 53 88 20 78 84 52 88 60 24 85 29 85 63 79 44 44 64 77 46 68 91 98 86 
76 78 37 64 36 41 16 71 84 74 27 71 83 75 21 65 66 17 27 82 81 34 62 68 26 27 19 64 90 87 17 99 
52 49 71 44 61 93 20 64 71 58 50 77 87 86 75 49 28 13 73 64 48 52 22 97 85 27 64 89 44 25 78 19 
26 22 99 31 84 43 38 43 74 21 53 74 90 13 37 86 20 53 16 45 63 77 77 10 85 31 57 91 36 55 33 40 
87 74 30 51 85 61 28 25 79 26 72 13 31 26 60 29 95 88 98 94 95 31 51 45 73 32 91 52 58 92 30 88 
83 96 48 37 21 76 66 43 51 19 53 98 93 65 33 63 71 16 59 88 84 40 57 69 44 90 50 14 74 68 98 64 
57 48 60 39 83 33 94 80 14 82 50 10 21 81 74 91 64 49 87 51 48 34 95 15 89 18 59 88 58 83 62 29 
31 72 97 32 31 57 40 40 75 78 21 67 81 26 97 11 10 58 29 63 75 20 71 14 14 77 14 75 94 18 89 69 
64 26 24 41 63 89 68 64 89 34 86 35 49 28 26 17 70 63 85 53 51 41 37 11 59 13 33 92 27 69 32 55 
88 65 78 21 28 24 44 10 96 64 82 62 15 42 50 22 80 65 21 19 79 67 27 99 57 95 51 85 69 48 40 35 
54 93 59 82 12 48 12 85 97 55 18 15 68 13 40 89 66 86 27 42 74 62 99 16 35 19 24 20 78 84 33 51 
87 88 50 59 50 37 76 54 73 70 17 48 19 13 74 43 89 74 96 25 60 42 89 24 84 12 34 98 22 28 22 68 
27 27 59 72 30 32 95 96 63 86 30 20 96 96 50 68 85 84 47 79 77 75 20 85 97 45 23 58 80 11 36 56 
53 42 17 44 35 53 97 46 83 60 48 22 65 80 23 70 74 77 93 54 58 73 18 57 99 72 35 76 88 48 19 90 
29 83 42 71 68 73 50 59 47 93 29 66 56 78 93 37 15 99 94 71 42 62 15 36 83 40 58 33 37 51 46 90 
27 14 69 62 21 33 87 27 85 86 52 18 78 64 43 41 61 76 72 61 89 94 51 56 45 99 65 62 26 23 42 82 
22 97 48 99 68 40 73 57 39 89 10 72 77 34 34 28 77 89 92 22 69 90 92 29 75 87 68 44 38 64 16 43 
48 18 92 58 26 41 19 87 43 52 27 11 18 14 74 71 76 76 47 49 92 88 46 24 44 46 79 27 64 58 33 18 
31 32 38 33 90 24 76 56 90 83 53 98 70 72 17 83 70 66 57 82 84 94 88 11 91 51 97 35 35 71 99 32 
0 0 0 0 0 0 0 0 0 0 0 0 0 0 0 0 0 0 0 0 0 0 0 0 0 0 0 0 0 0 0 0 
-1 63 14 -1 -1 -1 -1 -1 -1 -1 -1 -1 -1 -1 -1 -1 -1 -1 -1 -1 -1 -1 -1 -1 -1 -1 -1 -1 -1 -1 -1 -1 -1 -1 -1 -1 -1 -1 -1 -1 
-1 -1 -1 35 16 -1 -1 -1 -1 -1 -1 -1 -1 -1 -1 -1 -1 -1 -1 -1 -1 -1 -1 -1 -1 -1 -1 -1 -1 -1 -1 -1 -1 -1 -1 -1 -1 -1 -1 -1 
-1 -1 -1 -1 -1 19 41 -1 -1 -1 -1 -1 -1 -1 -1 -1 -1 -1 -1 -1 -1 -1 -1 -1 -1 -1 -1 -1 -1 -1 -1 -1 -1 -1 -1 -1 -1 -1 -1 -1 
-1 -1 -1 -1 -1 -1 -1 39 54 -1 -1 -1 -1 -1 -1 -1 -1 -1 -1 -1 -1 -1 -1 -1 -1 -1 -1 -1 -1 -1 -1 -1 -1 -1 -1 -1 -1 -1 -1 -1 
-1 -1 -1 -1 -1 -1 -1 -1 -1 56 32 -1 -1 -1 -1 -1 -1 -1 -1 -1 -1 -1 -1 -1 -1 -1 -1 -1 -1 -1 -1 -1 -1 -1 -1 -1 -1 -1 -1 -1 
-1 -1 -1 -1 -1 -1 -1 -1 -1 -1 -1 82 75 -1 -1 -1 -1 -1 -1 -1 -1 -1 -1 -1 -1 -1 -1 -1 -1 -1 -1 -1 -1 -1 -1 -1 -1 -1 -1 -1 
-1 -1 -1 -1 -1 -1 -1 -1 -1 -1 -1 -1 -1 46 90 -1 -1 -1 -1 -1 -1 -1 -1 -1 -1 -1 -1 -1 -1 -1 -1 -1 -1 -1 -1 -1 -1 -1 -1 -1 
-1 -1 -1 -1 -1 -1 -1 -1 -1 -1 -1 -1 -1 -1 -1 18 51 -1 -1 -1 -1 -1 -1 -1 -1 -1 -1 -1 -1 -1 -1 -1 -1 -1 -1 -1 -1 -1 -1 -1 
-1 -1 -1 -1 -1 -1 -1 -1 -1 -1 -1 -1 -1 -1 -1 31 32 -1 -1 -1 -1 -1 -1 -1 -1 -1 -1 -1 -1 -1 -1 -1 -1 -1 -1 -1 -1 -1 -1 -1 
-1 -1 -1 -1 -1 -1 -1 -1 -1 -1 -1 -1 -1 -1 -1 -1 -1 70 43 -1 -1 -1 -1 -1 -1 -1 -1 -1 -1 -1 -1 -1 -1 -1 -1 -1 -1 -1 -1 -1 
-1 -1 -1 -1 -1 -1 -1 -1 -1 -1 -1 -1 -1 -1 -1 -1 -1 72 43 -1 -1 -1 -1 -1 -1 -1 -1 -1 -1 -1 -1 -1 -1 -1 -1 -1 -1 -1 -1 -1 
-1 -1 -1 -1 -1 -1 -1 -1 -1 -1 -1 -1 -1 -1 -1 -1 -1 -1 -1 33 93 -1 -1 -1 -1 -1 -1 -1 -1 -1 -1 -1 -1 -1 -1 -1 -1 -1 -1 -1 
-1 -1 -1 -1 -1 -1 -1 -1 -1 -1 -1 -1 -1 -1 -1 -1 -1 -1 -1 74 79 -1 -1 -1 -1 -1 -1 -1 -1 -1 -1 -1 -1 -1 -1 -1 -1 -1 -1 -1 
-1 -1 -1 -1 -1 -1 -1 -1 -1 -1 -1 -1 -1 -1 -1 -1 -1 -1 -1 -1 -1 15 24 -1 -1 -1 -1 -1 -1 -1 -1 -1 -1 -1 -1 -1 -1 -1 -1 -1 
-1 -1 -1 -1 -1 -1 -1 -1 -1 -1 -1 -1 -1 -1 -1 -1 -1 -1 -1 -1 -1 67 15 -1 -1 -1 -1 -1 -1 -1 -1 -1 -1 -1 -1 -1 -1 -1 -1 -1 
-1 -1 -1 -1 -1 -1 -1 -1 -1 -1 -1 -1 -1 -1 -1 -1 -1 -1 -1 -1 -1 -1 -1 40 -1 68 -1 -1 -1 -1 -1 -1 -1 -1 -1 -1 -1 -1 -1 -1 
-1 -1 -1 -1 -1 -1 -1 -1 -1 -1 -1 -1 -1 -1 -1 -1 -1 -1 -1 -1 -1 -1 -1 -1 12 -1 20 -1 -1 -1 -1 -1 -1 -1 -1 -1 -1 -1 -1 -1 
-1 -1 -1 -1 -1 -1 -1 -1 -1 -1 -1 -1 -1 -1 -1 -1 -1 -1 -1 -1 -1 -1 -1 10 -1 90 -1 -1 -1 -1 -1 -1 -1 -1 -1 -1 -1 -1 -1 -1 
-1 -1 -1 -1 -1 -1 -1 -1 -1 -1 -1 -1 -1 -1 -1 -1 -1 -1 -1 -1 -1 -1 -1 -1 44 -1 10 -1 -1 -1 -1 -1 -1 -1 -1 -1 -1 -1 -1 -1 
-1 -1 -1 -1 -1 -1 -1 -1 -1 -1 -1 -1 -1 -1 -1 -1 -1 -1 -1 -1 -1 -1 -1 -1 -1 -1 -1 47 -1 26 -1 -1 -1 -1 -1 -1 -1 -1 -1 -1 
-1 -1 -1 -1 -1 -1 -1 -1 -1 -1 -1 -1 -1 -1 -1 -1 -1 -1 -1 -1 -1 -1 -1 -1 -1 -1 -1 -1 65 -1 28 -1 -1 -1 -1 -1 -1 -1 -1 -1 
-1 -1 -1 -1 -1 -1 -1 -1 -1 -1 -1 -1 -1 -1 -1 -1 -1 -1 -1 -1 -1 -1 -1 -1 -1 -1 -1 26 -1 13 -1 -1 -1 -1 -1 -1 -1 -1 -1 -1 
-1 -1 -1 -1 -1 -1 -1 -1 -1 -1 -1 -1 -1 -1 -1 -1 -1 -1 -1 -1 -1 -1 -1 -1 -1 -1 -1 -1 46 -1 76 -1 -1 -1 -1 -1 -1 -1 -1 -1 
-1 -1 -1 -1 -1 -1 -1 -1 -1 -1 -1 -1 -1 -1 -1 -1 -1 -1 -1 -1 -1 -1 -1 -1 -1 -1 -1 -1 -1 -1 -1 64 -1 -1 -1 68 -1 -1 -1 -1 
-1 -1 -1 -1 -1 -1 -1 -1 -1 -1 -1 -1 -1 -1 -1 -1 -1 -1 -1 -1 -1 -1 -1 -1 -1 -1 -1 -1 -1 -1 -1 -1 55 -1 -1 -1 76 -1 -1 -1 
-1 -1 -1 -1 -1 -1 -1 -1 -1 -1 -1 -1 -1 -1 -1 -1 -1 -1 -1 -1 -1 -1 -1 -1 -1 -1 -1 -1 -1 -1 -1 -1 -1 88 -1 -1 -1 42 -1 -1 
-1 -1 -1 -1 -1 -1 -1 -1 -1 -1 -1 -1 -1 -1 -1 -1 -1 -1 -1 -1 -1 -1 -1 -1 -1 -1 -1 -1 -1 -1 -1 -1 -1 -1 90 -1 -1 -1 23 -1 
-1 -1 -1 -1 -1 -1 -1 -1 -1 -1 -1 -1 -1 -1 -1 -1 -1 -1 -1 -1 -1 -1 -1 -1 -1 -1 -1 -1 -1 -1 -1 83 -1 -1 -1 24 -1 -1 -1 -1 
-1 -1 -1 -1 -1 -1 -1 -1 -1 -1 -1 -1 -1 -1 -1 -1 -1 -1 -1 -1 -1 -1 -1 -1 -1 -1 -1 -1 -1 -1 -1 -1 15 -1 -1 -1 22 -1 -1 -1 
-1 -1 -1 -1 -1 -1 -1 -1 -1 -1 -1 -1 -1 -1 -1 -1 -1 -1 -1 -1 -1 -1 -1 -1 -1 -1 -1 -1 -1 -1 -1 -1 -1 61 -1 -1 -1 46 -1 -1 
-1 -1 -1 -1 -1 -1 -1 -1 -1 -1 -1 -1 -1 -1 -1 -1 -1 -1 -1 -1 -1 -1 -1 -1 -1 -1 -1 -1 -1 -1 -1 -1 -1 -1 15 -1 -1 -1 21 -1 
-1 -1 -1 -1 -1 -1 -1 -1 -1 -1 -1 -1 -1 -1 -1 -1 -1 -1 -1 -1 -1 -1 -1 -1 -1 -1 -1 -1 -1 -1 -1 -1 -1 -1 -1 -1 -1 -1 -1 0 
-1 -1 -1 -1 -1 -1 -1 -1 -1 -1 -1 -1 -1 -1 -1 -1 -1 -1 -1 -1 -1 -1 -1 -1 -1 -1 -1 -1 -1 -1 -1 -1 -1 -1 -1 -1 -1 -1 -1 0 
-1 -1 -1 -1 -1 -1 -1 -1 -1 -1 -1 -1 -1 -1 -1 -1 -1 -1 -1 -1 -1 -1 -1 -1 -1 -1 -1 -1 -1 -1 -1 -1 -1 -1 -1 -1 -1 -1 -1 0 
-1 -1 -1 -1 -1 -1 -1 -1 -1 -1 -1 -1 -1 -1 -1 -1 -1 -1 -1 -1 -1 -1 -1 -1 -1 -1 -1 -1 -1 -1 -1 -1 -1 -1 -1 -1 -1 -1 -1 0 
-1 -1 -1 -1 -1 -1 -1 -1 -1 -1 -1 -1 -1 -1 -1 -1 -1 -1 -1 -1 -1 -1 -1 -1 -1 -1 -1 -1 -1 -1 -1 -1 -1 -1 -1 -1 -1 -1 -1 0 
-1 -1 -1 -1 -1 -1 -1 -1 -1 -1 -1 -1 -1 -1 -1 -1 -1 -1 -1 -1 -1 -1 -1 -1 -1 -1 -1 -1 -1 -1 -1 -1 -1 -1 -1 -1 -1 -1 -1 0 
-1 -1 -1 -1 -1 -1 -1 -1 -1 -1 -1 -1 -1 -1 -1 -1 -1 -1 -1 -1 -1 -1 -1 -1 -1 -1 -1 -1 -1 -1 -1 -1 -1 -1 -1 -1 -1 -1 -1 0 
-1 -1 -1 -1 -1 -1 -1 -1 -1 -1 -1 -1 -1 -1 -1 -1 -1 -1 -1 -1 -1 -1 -1 -1 -1 -1 -1 -1 -1 -1 -1 -1 -1 -1 -1 -1 -1 -1 -1 0 
-1 -1 -1 -1 -1 -1 -1 -1 -1 -1 -1 -1 -1 -1 -1 -1 -1 -1 -1 -1 -1 -1 -1 -1 -1 -1 -1 -1 -1 -1 -1 -1 -1 -1 -1 -1 -1 -1 -1 -1 
