40 32
0.07 0.06 0.06 0.06 0.07 0.05 0.03 0.07 0.05 0.05 0.04 0.05 0.06 0.05 0.06 0.06 0.06 0.06 0.03 0.03 0.05 0.07 0.05 0.07 0.05 0.06 0.07 0.06 0.05 0.06 0.04 0.05
1.15 1.01 0.85 0.99 0.94 1.2 0.83 1.02 0.94 1.07 0.95 1.2 1.03 0.81 1.15 0.91 0.81 1.15 0.96 1.12 1.08 0.85 0.87 1.04 1.17 1.06 1.17 1.13 1.12 0.89 1.19 0.85
2.61 2.95 2.88 2.79 2.67 2.61 2.95 2.84 2.77 2.79 2.57 2.81 2.53 2.92 2.85 2.66 2.86 2.73 2.91 2.52 2.52 2.63 2.53 2.75 2.74 2.74 2.71 2.84 2.93 2.69 2.51 2.73
0.79 0.01 0.87 0.86 0.34 0.46 0.14 0.43 0.67 0.2 0.57 0.47 0.23 0.68 0.75 0.58 0.12 0.82 0.51 0.51 0.44 0.01 0.71 0.92 0.46 0.14 0.49 0.19 0.59 0.25 0.17 0.67
1.0 1.0 1.0 1.0 1.0 1.0 1.0 1.0 1.0 1.0 1.0 1.0 1.0 1.0 1.0 1.0 1.0 1.0 1.0 1.0 1.0 1.0 1.0 1.0 1.0 1.0 1.0 1.0 1.0 1.0 1.0 1.0
37 62 71 93 52 83 22 91 17 18 26 99 56 96 37 67 46 86 77 66 10 28 41 89 12 64 35 74 87 64 52 87
25 11 34 44 91 94 70 98 21 78 65 52 35 42 13 50 82 40 67 45 17 43 76 71 78 81 20 24 60 61 61 58
79 48 97 30 49 51 52 30 74 74 19 17 58 33 80 33 25 37 21 98 79 49 49 56 29 22 13 80 33 40 12 20
29 47 18 92 11 72 90 14 29 37 16 72 26 19 49 40 78 95 40 32 35 71 12 99 97 31 72 24 36 91 81 23
88 57 63 62 99 41 28 98 42 30 23 81 86 76 74 12 85 32 54 35 38 25 86 29 95 86 14 12 13 71 65 31
98 66 14 28 75 46 85 45 54 50 65 58 20 32 37 26 23 78 37 12 17 21 99 26 82 47 72 36 61 99 16 99
75 19 65 25 49 25 12 25 69 99 19 86 21 47 25 65 79 63 11 50 93 91 45 40 69 88 40 12 84 87 99 16
15 45 30 46 95 51 34 17 91 25 37 27 50 68 61 28 59 86 64 64 71 27 32 87 36 73 12 35 19 91 38 99
46 43 22 31 80 92 89 86 86 62 54 86 71 19 64 43 14 13 84 29 72 85 87 79 19 70 62 31 25 11 99 48
62 57 35 24 35 72 79 18 11 44 74 19 90 73 32 97 90 74 64 18 83 75 94 62 81 29 37 72 96 33 92 60
92 87 48 60 91 18 49 69 38 92 17 84 44 35 41 94 38 19 25 22 95 37 16 61 15 13 30 37 97 83 74 21
88 85 56 32 35 29 68 45 91 86 95 84 58 22 16 12 89 48 25 41 71 76 86 24 10 10 72 45 70 73 25 42
70 31 97 67 33 25 80 39 21 36 40 56 91 95 23 49 23 59 64 96 69 45 45 72 28 99 46 68 73 98 86 19
96 30 43 42 15 16 81 89 71 93 38 87 16 51 37 36 76 71 14 73 80 48 78 80 24 53 38 76 10 10 14 41
37 50 84 65 22 97 66 26 90 26 42 91 49 25 80 97 48 82 16 63 32 77 24 63 68 18 38 19 46 84 74 30
27 59 37 34 78 87 69 57 47 65 79 67 10 52 94 41 93 33 79 24 98 28 48 49 14 13 47 26 95 75 78 87
96 77 13 83 90 78 42 51 31 63 92 87 36 68 48 35 18 26 45 32 84 92 69 88 38 14 79 77 21 56 42 38
50 36 94 15 80 93 14 61 81 22 70 63 86 13 83 57 15 92 84 77 95 98 31 56 65 65 70 24 48 76 63 82
82 34 95 78 73 45 94 22 79 87 11 16 61 18 48 82 80 12 35 11 71 97 74 72 10 71 19 62 92 15 99 61
95 51 61 33 48 84 21 97 14 49 13 46 59 64 70 10 33 32 40 62 37 85 82 30 30 38 83 74 10 17 47 48
54 13 34 37 30 75 17 63 55 97 91 33 99 97 13 88 34 14 31 38 23 63 18 73 44 30 80 88 66 75 18 88
18 83 19 59 43 58 98 19 82 80 66 71 28 96 74 71 73 48 22 79 97 34 55 89 27 48 79 73 60 93 63 93
11 33 61 79 47 44 67 23 60 39 78 12 60 91 22 34 85 54 12 74 46 11 13 39 63 66 16 80 80 30 30 72
99 83 30 59 13 82 59 35 49 64 61 32 79 31 79 43 79 78 97 42 55 21 34 23 58 35 68 90 72 88 36 31
35 15 35 55 80 20 91 41 50 73 80 63 82 40 62 67 69 86 93 26 46 26 43 72 31 68 74 24 73 32 17 75
45 64 97 58 80 74 40 14 24 27 62 51 86 43 10 21 50 83 81 17 57 77 23 43 58 32 21 48 94 13 27 36
82 47 55 15 72 33 76 88 82 94 64 97 41 28 27 96 26 54 56 20 45 69 39 57 10 92 76 89 59 77 35 60
16 22 18 79 67 31 97 82 86 12 29 43 62 59 49 42 36 84 39 68 54 83 69 27 71 70 84 38 25 95 47 47
70 69 29 44 50 84 75 40 54 76 69 50 19 26 58 83 84 23 81 94 60 65 87 72 37 26 30 21 95 31 93 92
78 92 14 82 97 37 10 23 80 30 21 86 77 84 42 46 85 71 68 71 26 74 52 84 57 84 41 90 36 90 81 84
31 27 42 69 79 72 83 40 68 37 76 16 59 66 94 19 75 57 31 20 82 53 77 47 48 37 95 72 82 13 50 66
78 75 32 51 73 40 64 82 17 90 98 28 58 86 22 91 18 90 62 11 20 73 79 83 12 45 25 27 96 26 79 55
19 22 73 79 63 20 85 32 73 63 32 83 41 87 27 37 70 85 97 27 47 17 67 78 46 43 85 36 60 85 42 51
91 56 50 28 33 71 49 98 79 73 58 23 91 41 81 93 53 82 56 86 27 73 47 16 95 57 57 33 26 49 91 28
45 97 96 87 73 19 91 91 86 70 97 54 92 36 63 94 80 79 66 32 58 59 33 29 83 48 87 18 15 90 99 28
20 40 10 53 58 38 15 30 50 55 11 19 79 68 61 81 43 93 15 53 44 25 86 98 25 56 51 23 59 55 91 20
45 78 88 64 88 26 35 84 83 73 71 38 45 84 28 83 42 99 71 99 84 66 58 35 68 30 77 55 28 21 59 14
18 39 28 77 27 68 64 91 12 86 47 50 96 72 96 12 52 65 52 76 90 72 99 58 29 17 23 90 36 83 26 12
21 51 81 97 94 39 53 45 77 60 48 31 49 76 39 83 68 56 13 15 94 36 27 42 92 61 15 68 15 51 34 40
0 0 0 0 0 0 0 0 0 0 0 0 0 0 0 0 0 0 0 0 0 0 0 0 0 0 0 0 0 0 0 0
-1 84 64 -1 -1 -1 -1 -1 -1 -1 -1 -1 -1 -1 -1 -1 -1 -1 -1 -1 -1 -1 -1 -1 -1 -1 -1 -1 -1 -1 -1 -1 -1 -1 -1 -1 -1 -1 -1 -1
-1 -1 -1 52 51 -1 -1 -1 -1 -1 -1 -1 -1 -1 -1 -1 -1 -1 -1 -1 -1 -1 -1 -1 -1 -1 -1 -1 -1 -1 -1 -1 -1 -1 -1 -1 -1 -1 -1 -1
-1 -1 -1 -1 -1 13 16 -1 -1 -1 -1 -1 -1 -1 -1 -1 -1 -1 -1 -1 -1 -1 -1 -1 -1 -1 -1 -1 -1 -1 -1 -1 -1 -1 -1 -1 -1 -1 -1 -1
-1 -1 -1 -1 -1 -1 -1 55 62 -1 -1 -1 -1 -1 -1 -1 -1 -1 -1 -1 -1 -1 -1 -1 -1 -1 -1 -1 -1 -1 -1 -1 -1 -1 -1 -1 -1 -1 -1 -1
-1 -1 -1 -1 -1 -1 -1 -1 -1 16 77 -1 -1 -1 -1 -1 -1 -1 -1 -1 -1 -1 -1 -1 -1 -1 -1 -1 -1 -1 -1 -1 -1 -1 -1 -1 -1 -1 -1 -1
-1 -1 -1 -1 -1 -1 -1 -1 -1 -1 -1 78 33 -1 -1 -1 -1 -1 -1 -1 -1 -1 -1 -1 -1 -1 -1 -1 -1 -1 -1 -1 -1 -1 -1 -1 -1 -1 -1 -1
-1 -1 -1 -1 -1 -1 -1 -1 -1 -1 -1 -1 -1 78 100 -1 -1 -1 -1 -1 -1 -1 -1 -1 -1 -1 -1 -1 -1 -1 -1 -1 -1 -1 -1 -1 -1 -1 -1 -1
-1 -1 -1 -1 -1 -1 -1 -1 -1 -1 -1 -1 -1 -1 -1 17 20 -1 -1 -1 -1 -1 -1 -1 -1 -1 -1 -1 -1 -1 -1 -1 -1 -1 -1 -1 -1 -1 -1 -1
-1 -1 -1 -1 -1 -1 -1 -1 -1 -1 -1 -1 -1 -1 -1 90 92 -1 -1 -1 -1 -1 -1 -1 -1 -1 -1 -1 -1 -1 -1 -1 -1 -1 -1 -1 -1 -1 -1 -1
-1 -1 -1 -1 -1 -1 -1 -1 -1 -1 -1 -1 -1 -1 -1 -1 -1 51 70 -1 -1 -1 -1 -1 -1 -1 -1 -1 -1 -1 -1 -1 -1 -1 -1 -1 -1 -1 -1 -1
-1 -1 -1 -1 -1 -1 -1 -1 -1 -1 -1 -1 -1 -1 -1 -1 -1 18 52 -1 -1 -1 -1 -1 -1 -1 -1 -1 -1 -1 -1 -1 -1 -1 -1 -1 -1 -1 -1 -1
-1 -1 -1 -1 -1 -1 -1 -1 -1 -1 -1 -1 -1 -1 -1 -1 -1 -1 -1 22 80 -1 -1 -1 -1 -1 -1 -1 -1 -1 -1 -1 -1 -1 -1 -1 -1 -1 -1 -1
-1 -1 -1 -1 -1 -1 -1 -1 -1 -1 -1 -1 -1 -1 -1 -1 -1 -1 -1 34 37 -1 -1 -1 -1 -1 -1 -1 -1 -1 -1 -1 -1 -1 -1 -1 -1 -1 -1 -1
-1 -1 -1 -1 -1 -1 -1 -1 -1 -1 -1 -1 -1 -1 -1 -1 -1 -1 -1 -1 -1 80 14 -1 -1 -1 -1 -1 -1 -1 -1 -1 -1 -1 -1 -1 -1 -1 -1 -1
-1 -1 -1 -1 -1 -1 -1 -1 -1 -1 -1 -1 -1 -1 -1 -1 -1 -1 -1 -1 -1 20 77 -1 -1 -1 -1 -1 -1 -1 -1 -1 -1 -1 -1 -1 -1 -1 -1 -1
-1 -1 -1 -1 -1 -1 -1 -1 -1 -1 -1 -1 -1 -1 -1 -1 -1 -1 -1 -1 -1 -1 -1 89 -1 77 -1 -1 -1 -1 -1 -1 -1 -1 -1 -1 -1 -1 -1 -1
-1 -1 -1 -1 -1 -1 -1 -1 -1 -1 -1 -1 -1 -1 -1 -1 -1 -1 -1 -1 -1 -1 -1 -1 87 -1 79 -1 -1 -1 -1 -1 -1 -1 -1 -1 -1 -1 -1 -1
-1 -1 -1 -1 -1 -1 -1 -1 -1 -1 -1 -1 -1 -1 -1 -1 -1 -1 -1 -1 -1 -1 -1 67 -1 90 -1 -1 -1 -1 -1 -1 -1 -1 -1 -1 -1 -1 -1 -1
-1 -1 -1 -1 -1 -1 -1 -1 -1 -1 -1 -1 -1 -1 -1 -1 -1 -1 -1 -1 -1 -1 -1 -1 44 -1 14 -1 -1 -1 -1 -1 -1 -1 -1 -1 -1 -1 -1 -1
-1 -1 -1 -1 -1 -1 -1 -1 -1 -1 -1 -1 -1 -1 -1 -1 -1 -1 -1 -1 -1 -1 -1 -1 -1 -1 -1 27 -1 62 -1 -1 -1 -1 -1 -1 -1 -1 -1 -1
-1 -1 -1 -1 -1 -1 -1 -1 -1 -1 -1 -1 -1 -1 -1 -1 -1 -1 -1 -1 -1 -1 -1 -1 -1 -1 -1 -1 14 -1 36 -1 -1 -1 -1 -1 -1 -1 -1 -1
-1 -1 -1 -1 -1 -1 -1 -1 -1 -1 -1 -1 -1 -1 -1 -1 -1 -1 -1 -1 -1 -1 -1 -1 -1 -1 -1 94 -1 70 -1 -1 -1 -1 -1 -1 -1 -1 -1 -1
-1 -1 -1 -1 -1 -1 -1 -1 -1 -1 -1 -1 -1 -1 -1 -1 -1 -1 -1 -1 -1 -1 -1 -1 -1 -1 -1 -1 38 -1 33 -1 -1 -1 -1 -1 -1 -1 -1 -1
-1 -1 -1 -1 -1 -1 -1 -1 -1 -1 -1 -1 -1 -1 -1 -1 -1 -1 -1 -1 -1 -1 -1 -1 -1 -1 -1 -1 -1 -1 -1 36 -1 -1 -1 20 -1 -1 -1 -1
-1 -1 -1 -1 -1 -1 -1 -1 -1 -1 -1 -1 -1 -1 -1 -1 -1 -1 -1 -1 -1 -1 -1 -1 -1 -1 -1 -1 -1 -1 -1 -1 51 -1 -1 -1 75 -1 -1 -1
-1 -1 -1 -1 -1 -1 -1 -1 -1 -1 -1 -1 -1 -1 -1 -1 -1 -1 -1 -1 -1 -1 -1 -1 -1 -1 -1 -1 -1 -1 -1 -1 -1 67 -1 -1 -1 40 -1 -1
-1 -1 -1 -1 -1 -1 -1 -1 -1 -1 -1 -1 -1 -1 -1 -1 -1 -1 -1 -1 -1 -1 -1 -1 -1 -1 -1 -1 -1 -1 -1 -1 -1 -1 11 -1 -1 -1 76 -1
-1 -1 -1 -1 -1 -1 -1 -1 -1 -1 -1 -1 -1 -1 -1 -1 -1 -1 -1 -1 -1 -1 -1 -1 -1 -1 -1 -1 -1 -1 -1 93 -1 -1 -1 70 -1 -1 -1 -1
-1 -1 -1 -1 -1 -1 -1 -1 -1 -1 -1 -1 -1 -1 -1 -1 -1 -1 -1 -1 -1 -1 -1 -1 -1 -1 -1 -1 -1 -1 -1 -1 66 -1 -1 -1 38 -1 -1 -1
-1 -1 -1 -1 -1 -1 -1 -1 -1 -1 -1 -1 -1 -1 -1 -1 -1 -1 -1 -1 -1 -1 -1 -1 -1 -1 -1 -1 -1 -1 -1 -1 -1 64 -1 -1 -1 35 -1 -1
-1 -1 -1 -1 -1 -1 -1 -1 -1 -1 -1 -1 -1 -1 -1 -1 -1 -1 -1 -1 -1 -1 -1 -1 -1 -1 -1 -1 -1 -1 -1 -1 -1 -1 63 -1 -1 -1 54 -1
-1 -1 -1 -1 -1 -1 -1 -1 -1 -1 -1 -1 -1 -1 -1 -1 -1 -1 -1 -1 -1 -1 -1 -1 -1 -1 -1 -1 -1 -1 -1 -1 -1 -1 -1 -1 -1 -1 -1 0
-1 -1 -1 -1 -1 -1 -1 -1 -1 -1 -1 -1 -1 -1 -1 -1 -1 -1 -1 -1 -1 -1 -1 -1 -1 -1 -1 -1 -1 -1 -1 -1 -1 -1 -1 -1 -1 -1 -1 0
-1 -1 -1 -1 -1 -1 -1 -1 -1 -1 -1 -1 -1 -1 -1 -1 -1 -1 -1 -1 -1 -1 -1 -1 -1 -1 -1 -1 -1 -1 -1 -1 -1 -1 -1 -1 -1 -1 -1 0
-1 -1 -1 -1 -1 -1 -1 -1 -1 -1 -1 -1 -1 -1 -1 -1 -1 -1 -1 -1 -1 -1 -1 -1 -1 -1 -1 -1 -1 -1 -1 -1 -1 -1 -1 -1 -1 -1 -1 0
-1 -1 -1 -1 -1 -1 -1 -1 -1 -1 -1 -1 -1 -1 -1 -1 -1 -1 -1 -1 -1 -1 -1 -1 -1 -1 -1 -1 -1 -1 -1 -1 -1 -1 -1 -1 -1 -1 -1 0
-1 -1 -1 -1 -1 -1 -1 -1 -1 -1 -1 -1 -1 -1 -1 -1 -1 -1 -1 -1 -1 -1 -1 -1 -1 -1 -1 -1 -1 -1 -1 -1 -1 -1 -1 -1 -1 -1 -1 0
-1 -1 -1 -1 -1 -1 -1 -1 -1 -1 -1 -1 -1 -1 -1 -1 -1 -1 -1 -1 -1 -1 -1 -1 -1 -1 -1 -1 -1 -1 -1 -1 -1 -1 -1 -1 -1 -1 -1 0
-1 -1 -1 -1 -1 -1 -1 -1 -1 -1 -1 -1 -1 -1 -1 -1 -1 -1 -1 -1 -1 -1 -1 -1 -1 -1 -1 -1 -1 -1 -1 -1 -1 -1 -1 -1 -1 -1 -1 0
-1 -1 -1 -1 -1 -1 -1 -1 -1 -1 -1 -1 -1 -1 -1 -1 -1 -1 -1 -1 -1 -1 -1 -1 -1 -1 -1 -1 -1 -1 -1 -1 -1 -1 -1 -1 -1 -1 -1 -1
