11 32
0 0 0 0 0 0 0 0 0 0 0 0 0 0 0 0 0 0 0 0 0 0 0 0 0 0 0 0 0 0 0 0 
73 96 44 57 16 48 67 74 24 98 28 85 61 57 79 88 61 99 76 57 88 92 90 92 23 26 81 22 96 55 20 18 
50 51 72 26 44 37 11 12 11 63 65 54 66 39 21 58 27 80 24 39 94 94 42 16 31 24 61 12 69 63 91 89 
86 89 97 24 69 51 71 77 21 61 74 72 84 30 58 31 48 91 87 51 96 87 22 63 21 20 36 18 99 61 35 17 
88 50 74 86 67 71 17 62 84 17 24 65 87 17 89 63 27 76 56 31 72 75 68 82 71 43 53 44 25 48 30 70 
11 29 77 31 32 10 54 15 45 22 23 48 20 61 42 72 88 99 20 13 45 76 87 48 51 26 99 47 19 41 59 46 
65 30 33 69 17 26 77 75 52 27 59 63 80 57 62 88 48 75 59 45 82 99 68 67 47 30 69 19 66 75 24 44 
10 86 51 75 54 48 87 79 37 32 85 86 99 87 66 97 97 62 37 22 38 94 92 58 96 49 37 93 12 71 45 22 
55 83 28 76 32 67 43 55 31 74 20 12 73 83 47 15 99 85 24 87 15 85 87 12 37 90 40 14 89 33 73 29 
54 73 48 51 63 40 86 49 68 91 89 35 84 94 13 83 64 60 94 92 64 69 44 48 25 14 20 85 33 46 48 88 
18 76 87 24 10 34 49 46 80 11 63 47 80 47 94 66 10 76 89 41 67 30 94 73 51 45 74 75 64 50 94 39 
-1 0 0 0 0 -1 -1 -1 -1 -1 -1 
-1 -1 -1 -1 -1 32 65 25 -1 -1 -1 
-1 -1 -1 -1 -1 70 -1 -1 -1 -1 -1 
-1 -1 -1 -1 -1 -1 23 -1 -1 -1 -1 
-1 -1 -1 -1 -1 -1 -1 75 -1 -1 -1 
-1 -1 -1 -1 -1 -1 -1 -1 69 81 -1 
-1 -1 -1 -1 -1 -1 -1 -1 29 -1 -1 
-1 -1 -1 -1 -1 -1 -1 -1 -1 70 -1 
-1 -1 -1 -1 -1 -1 -1 -1 -1 -1 17 
-1 -1 -1 -1 -1 -1 -1 -1 -1 -1 37 
-1 -1 -1 -1 -1 -1 -1 -1 -1 -1 -1 
