37 32
0.07 0.06 0.05 0.06 0.06 0.06 0.05 0.04 0.04 0.06 0.03 0.04 0.04 0.03 0.05 0.03 0.07 0.05 0.03 0.03 0.06 0.03 0.05 0.04 0.07 0.07 0.03 0.04 0.05 0.06 0.05 0.04
1.01 0.86 0.94 1.03 1.08 1.15 1.12 0.96 0.8 1.01 1.03 0.95 0.89 1.06 1.19 0.98 0.88 1.09 1.0 0.88 0.98 1.14 0.84 0.98 0.99 1.08 0.82 0.98 1.11 1.07 0.96 0.84
2.67 2.59 2.98 2.86 2.97 2.61 2.6 2.69 2.82 2.9 2.9 2.65 2.73 2.89 2.84 2.64 2.77 2.87 2.91 2.92 2.59 2.7 2.71 2.69 2.94 2.62 2.72 2.58 2.57 2.55 2.89 2.95
0.32 0.39 0.1 0.83 0.42 0.06 0.46 0.43 0.83 0.29 0.5 0.51 0.76 0.69 0.74 0.59 0.07 0.99 0.01 0.44 0.01 0.93 0.58 0.33 0.77 0.84 0.93 0.56 0.96 0.72 0.12 0.19
1.0 1.0 1.0 1.0 1.0 1.0 1.0 1.0 1.0 1.0 1.0 1.0 1.0 1.0 1.0 1.0 1.0 1.0 1.0 1.0 1.0 1.0 1.0 1.0 1.0 1.0 1.0 1.0 1.0 1.0 1.0 1.0
0 0 0 0 0 0 0 0 0 0 0 0 0 0 0 0 0 0 0 0 0 0 0 0 0 0 0 0 0 0 0 0
54 16 86 40 10 63 50 52 89 99 41 41 84 69 99 13 51 83 11 13 49 43 27 55 55 85 89 87 37 44 88 72
35 66 33 14 66 28 18 76 68 21 55 52 29 49 20 84 99 33 97 55 81 46 77 63 79 48 53 28 72 62 96 76
26 71 84 48 60 25 65 55 91 66 77 81 44 38 35 78 81 86 29 17 24 87 95 57 41 68 22 20 20 13 63 60
28 82 66 43 72 49 51 33 16 64 42 54 20 77 77 77 50 63 67 83 67 17 32 31 32 21 62 45 95 74 76 17
78 11 21 89 29 61 47 25 32 53 44 82 38 73 95 57 37 30 50 27 92 21 74 98 81 22 68 52 21 47 93 20
55 74 26 41 78 10 78 34 37 56 19 36 88 73 53 54 47 12 10 12 10 62 71 76 35 38 90 70 19 74 58 20
31 63 12 71 94 17 25 37 83 76 82 99 14 94 74 62 88 80 16 53 66 23 10 80 45 75 69 69 76 40 54 54
60 35 26 33 16 10 37 23 43 21 53 20 68 12 73 64 16 61 60 44 46 86 95 37 60 57 99 71 12 75 23 31
70 70 70 36 51 98 38 36 81 54 66 16 19 19 81 45 36 87 48 75 82 60 92 28 65 88 71 84 91 25 65 53
13 55 29 99 97 74 13 67 12 80 60 14 87 22 56 89 32 32 47 55 71 31 30 25 50 62 74 17 91 63 71 51
77 58 26 35 83 47 75 20 23 32 62 86 28 89 94 59 58 64 33 17 16 12 48 40 55 94 10 30 72 29 74 40
83 78 23 18 39 87 40 47 63 92 88 28 38 43 40 84 65 78 28 93 95 40 79 59 79 63 65 49 95 40 12 12
15 96 96 74 29 27 73 72 68 63 58 80 30 17 19 48 78 92 66 48 95 72 51 77 78 69 15 68 77 22 36 84
53 70 80 72 27 64 88 32 32 22 87 87 17 67 70 48 24 43 75 23 97 63 65 68 41 34 80 69 52 92 10 39
19 53 69 32 23 60 87 42 52 99 59 77 37 95 49 54 50 39 51 34 81 80 81 86 40 18 77 12 32 79 22 20
67 12 87 17 20 17 74 84 53 46 29 55 20 97 61 86 27 53 90 89 78 77 44 49 23 50 69 39 65 19 41 21
22 97 50 15 47 77 21 64 67 24 76 38 36 86 72 60 94 60 41 24 70 48 36 18 60 77 58 74 72 51 23 39
40 63 58 55 30 55 72 82 45 86 69 86 16 13 47 75 38 82 54 50 34 87 45 93 33 44 12 27 17 94 67 91
39 96 18 54 36 64 92 58 16 91 28 76 92 53 93 62 75 18 49 47 87 23 36 12 89 36 63 68 67 10 14 47
99 56 69 64 79 13 69 25 74 74 41 31 61 76 52 44 25 46 54 57 55 45 20 89 61 11 77 14 18 27 87 30
90 78 54 22 71 96 20 83 70 25 92 18 91 94 20 81 42 75 10 59 27 58 30 27 97 34 31 11 54 87 21 13
68 16 55 91 28 71 22 96 49 41 78 37 32 31 47 77 95 10 99 73 47 15 89 94 65 96 46 49 18 96 20 79
49 49 49 44 48 81 61 53 56 61 40 88 12 23 85 80 82 32 85 10 71 92 52 13 39 48 82 91 20 37 73 19
70 49 51 23 84 32 39 31 54 12 21 18 13 19 37 56 11 39 67 99 83 26 30 36 38 16 68 71 86 43 96 41
74 79 19 78 30 26 20 13 43 96 17 95 44 94 14 11 60 86 60 37 56 58 29 89 79 97 15 59 11 34 76 31
32 23 43 16 72 33 50 79 80 11 20 56 41 13 54 39 79 68 52 95 85 79 76 22 55 11 92 60 58 48 14 17
43 16 44 43 89 14 17 63 40 42 36 61 38 84 58 61 69 95 74 28 83 75 81 22 42 66 50 71 96 50 35 47
42 75 35 17 57 89 49 70 81 66 43 18 69 70 61 82 33 14 79 83 28 34 33 31 30 99 37 72 42 79 91 85
78 55 25 49 52 92 57 10 13 54 67 26 82 23 93 59 73 11 60 27 90 82 55 63 45 42 78 52 82 26 59 87
50 79 71 93 52 40 84 16 31 64 32 94 89 65 16 19 85 53 70 62 51 43 94 37 53 32 26 46 60 18 49 81
28 79 52 58 37 75 17 60 23 65 51 17 29 89 72 33 92 44 57 99 24 26 14 85 50 19 86 82 18 65 13 27
88 91 46 58 57 83 68 44 96 94 70 54 79 99 25 58 41 52 11 12 84 63 48 51 88 28 48 11 18 81 58 63
28 66 79 35 82 40 34 36 18 29 73 21 54 91 61 44 98 16 58 43 64 55 89 50 47 13 60 99 49 97 27 59
69 19 52 52 34 18 65 18 97 39 41 36 88 11 81 30 55 57 37 10 59 19 16 26 94 91 58 54 22 53 69 68
31 96 89 24 65 41 38 72 29 31 47 51 84 96 63 91 23 78 77 63 37 55 70 86 31 56 20 30 86 39 96 30
41 80 75 85 70 14 26 12 23 86 42 37 61 27 84 49 25 46 48 29 72 75 61 53 77 83 93 58 45 75 71 82
-1 0 0 0 0 0 0 0 0 -1 -1 -1 -1 -1 -1 -1 -1 -1 -1 -1 -1 -1 -1 -1 -1 -1 -1 -1 -1 -1 -1 -1 -1 -1 -1 -1 -1
-1 -1 -1 -1 -1 -1 -1 -1 -1 10 23 34 87 23 68 53 -1 -1 -1 -1 -1 -1 -1 -1 -1 -1 -1 -1 -1 -1 -1 -1 -1 -1 -1 -1 -1
-1 -1 -1 -1 -1 -1 -1 -1 -1 29 -1 -1 -1 -1 -1 -1 -1 -1 -1 -1 -1 -1 -1 -1 -1 -1 -1 -1 -1 -1 -1 -1 -1 -1 -1 -1 -1
-1 -1 -1 -1 -1 -1 -1 -1 -1 -1 67 -1 -1 -1 -1 -1 -1 -1 -1 -1 -1 -1 -1 -1 -1 -1 -1 -1 -1 -1 -1 -1 -1 -1 -1 -1 -1
-1 -1 -1 -1 -1 -1 -1 -1 -1 -1 -1 41 -1 -1 -1 -1 -1 -1 -1 -1 -1 -1 -1 -1 -1 -1 -1 -1 -1 -1 -1 -1 -1 -1 -1 -1 -1
-1 -1 -1 -1 -1 -1 -1 -1 -1 -1 -1 -1 56 -1 -1 -1 -1 -1 -1 -1 -1 -1 -1 -1 -1 -1 -1 -1 -1 -1 -1 -1 -1 -1 -1 -1 -1
-1 -1 -1 -1 -1 -1 -1 -1 -1 -1 -1 -1 -1 24 -1 -1 -1 -1 -1 -1 -1 -1 -1 -1 -1 -1 -1 -1 -1 -1 -1 -1 -1 -1 -1 -1 -1
-1 -1 -1 -1 -1 -1 -1 -1 -1 -1 -1 -1 -1 -1 63 -1 -1 -1 -1 -1 -1 -1 -1 -1 -1 -1 -1 -1 -1 -1 -1 -1 -1 -1 -1 -1 -1
-1 -1 -1 -1 -1 -1 -1 -1 -1 -1 -1 -1 -1 -1 -1 44 -1 -1 -1 -1 -1 -1 -1 -1 -1 -1 -1 -1 -1 -1 -1 -1 -1 -1 -1 -1 -1
-1 -1 -1 -1 -1 -1 -1 -1 -1 -1 -1 -1 -1 -1 -1 -1 10 93 79 50 100 17 -1 -1 -1 -1 -1 -1 -1 -1 -1 -1 -1 -1 -1 -1 -1
-1 -1 -1 -1 -1 -1 -1 -1 -1 -1 -1 -1 -1 -1 -1 -1 85 -1 -1 -1 -1 -1 -1 -1 -1 -1 -1 -1 -1 -1 -1 -1 -1 -1 -1 -1 -1
-1 -1 -1 -1 -1 -1 -1 -1 -1 -1 -1 -1 -1 -1 -1 -1 -1 16 -1 -1 -1 -1 -1 -1 -1 -1 -1 -1 -1 -1 -1 -1 -1 -1 -1 -1 -1
-1 -1 -1 -1 -1 -1 -1 -1 -1 -1 -1 -1 -1 -1 -1 -1 -1 -1 12 -1 -1 -1 -1 -1 -1 -1 -1 -1 -1 -1 -1 -1 -1 -1 -1 -1 -1
-1 -1 -1 -1 -1 -1 -1 -1 -1 -1 -1 -1 -1 -1 -1 -1 -1 -1 -1 97 -1 -1 -1 -1 -1 -1 -1 -1 -1 -1 -1 -1 -1 -1 -1 -1 -1
-1 -1 -1 -1 -1 -1 -1 -1 -1 -1 -1 -1 -1 -1 -1 -1 -1 -1 -1 -1 50 -1 -1 -1 -1 -1 -1 -1 -1 -1 -1 -1 -1 -1 -1 -1 -1
-1 -1 -1 -1 -1 -1 -1 -1 -1 -1 -1 -1 -1 -1 -1 -1 -1 -1 -1 -1 -1 17 -1 -1 -1 -1 -1 -1 -1 -1 -1 -1 -1 -1 -1 -1 -1
-1 -1 -1 -1 -1 -1 -1 -1 -1 -1 -1 -1 -1 -1 -1 -1 -1 -1 -1 -1 -1 -1 26 17 76 16 34 -1 -1 -1 -1 -1 -1 -1 -1 -1 -1
-1 -1 -1 -1 -1 -1 -1 -1 -1 -1 -1 -1 -1 -1 -1 -1 -1 -1 -1 -1 -1 -1 17 -1 -1 -1 -1 -1 -1 -1 -1 -1 -1 -1 -1 -1 -1
-1 -1 -1 -1 -1 -1 -1 -1 -1 -1 -1 -1 -1 -1 -1 -1 -1 -1 -1 -1 -1 -1 -1 12 -1 -1 -1 -1 -1 -1 -1 -1 -1 -1 -1 -1 -1
-1 -1 -1 -1 -1 -1 -1 -1 -1 -1 -1 -1 -1 -1 -1 -1 -1 -1 -1 -1 -1 -1 -1 -1 24 -1 -1 -1 -1 -1 -1 -1 -1 -1 -1 -1 -1
-1 -1 -1 -1 -1 -1 -1 -1 -1 -1 -1 -1 -1 -1 -1 -1 -1 -1 -1 -1 -1 -1 -1 -1 -1 12 -1 -1 -1 -1 -1 -1 -1 -1 -1 -1 -1
-1 -1 -1 -1 -1 -1 -1 -1 -1 -1 -1 -1 -1 -1 -1 -1 -1 -1 -1 -1 -1 -1 -1 -1 -1 -1 57 -1 -1 -1 -1 -1 -1 -1 -1 -1 -1
-1 -1 -1 -1 -1 -1 -1 -1 -1 -1 -1 -1 -1 -1 -1 -1 -1 -1 -1 -1 -1 -1 -1 -1 -1 -1 -1 30 58 15 22 -1 -1 -1 -1 -1 -1
-1 -1 -1 -1 -1 -1 -1 -1 -1 -1 -1 -1 -1 -1 -1 -1 -1 -1 -1 -1 -1 -1 -1 -1 -1 -1 -1 73 -1 -1 -1 -1 -1 -1 -1 -1 -1
-1 -1 -1 -1 -1 -1 -1 -1 -1 -1 -1 -1 -1 -1 -1 -1 -1 -1 -1 -1 -1 -1 -1 -1 -1 -1 -1 -1 16 -1 -1 -1 -1 -1 -1 -1 -1
-1 -1 -1 -1 -1 -1 -1 -1 -1 -1 -1 -1 -1 -1 -1 -1 -1 -1 -1 -1 -1 -1 -1 -1 -1 -1 -1 -1 -1 66 -1 -1 -1 -1 -1 -1 -1
-1 -1 -1 -1 -1 -1 -1 -1 -1 -1 -1 -1 -1 -1 -1 -1 -1 -1 -1 -1 -1 -1 -1 -1 -1 -1 -1 -1 -1 -1 55 -1 -1 -1 -1 -1 -1
-1 -1 -1 -1 -1 -1 -1 -1 -1 -1 -1 -1 -1 -1 -1 -1 -1 -1 -1 -1 -1 -1 -1 -1 -1 -1 -1 -1 -1 -1 -1 75 14 36 -1 -1 -1
-1 -1 -1 -1 -1 -1 -1 -1 -1 -1 -1 -1 -1 -1 -1 -1 -1 -1 -1 -1 -1 -1 -1 -1 -1 -1 -1 -1 -1 -1 -1 46 -1 -1 -1 -1 -1
-1 -1 -1 -1 -1 -1 -1 -1 -1 -1 -1 -1 -1 -1 -1 -1 -1 -1 -1 -1 -1 -1 -1 -1 -1 -1 -1 -1 -1 -1 -1 -1 95 -1 -1 -1 -1
-1 -1 -1 -1 -1 -1 -1 -1 -1 -1 -1 -1 -1 -1 -1 -1 -1 -1 -1 -1 -1 -1 -1 -1 -1 -1 -1 -1 -1 -1 -1 -1 -1 76 -1 -1 -1
-1 -1 -1 -1 -1 -1 -1 -1 -1 -1 -1 -1 -1 -1 -1 -1 -1 -1 -1 -1 -1 -1 -1 -1 -1 -1 -1 -1 -1 -1 -1 -1 -1 -1 46 95 -1
-1 -1 -1 -1 -1 -1 -1 -1 -1 -1 -1 -1 -1 -1 -1 -1 -1 -1 -1 -1 -1 -1 -1 -1 -1 -1 -1 -1 -1 -1 -1 -1 -1 -1 86 -1 -1
-1 -1 -1 -1 -1 -1 -1 -1 -1 -1 -1 -1 -1 -1 -1 -1 -1 -1 -1 -1 -1 -1 -1 -1 -1 -1 -1 -1 -1 -1 -1 -1 -1 -1 -1 30 -1
-1 -1 -1 -1 -1 -1 -1 -1 -1 -1 -1 -1 -1 -1 -1 -1 -1 -1 -1 -1 -1 -1 -1 -1 -1 -1 -1 -1 -1 -1 -1 -1 -1 -1 -1 -1 99
-1 -1 -1 -1 -1 -1 -1 -1 -1 -1 -1 -1 -1 -1 -1 -1 -1 -1 -1 -1 -1 -1 -1 -1 -1 -1 -1 -1 -1 -1 -1 -1 -1 -1 -1 -1 21
-1 -1 -1 -1 -1 -1 -1 -1 -1 -1 -1 -1 -1 -1 -1 -1 -1 -1 -1 -1 -1 -1 -1 -1 -1 -1 -1 -1 -1 -1 -1 -1 -1 -1 -1 -1 -1
